Price,Close,High,Low,Open,Volume
Ticker,ADI,ADI,ADI,ADI,ADI
Date,,,,,
2020-01-02,108.12916564941406,108.32669573640402,106.61178166310117,107.84185102746166,1279300
2020-01-03,106.2256851196289,107.44677378144009,105.70493215953988,105.94735105043306,1374400
2020-01-06,104.9776840209961,105.33682902997015,103.80149079547432,104.37612006978429,1979400
2020-01-07,107.3659896850586,108.53320237088272,106.30651570400897,106.75544524089236,2214700
2020-01-08,108.33570861816406,109.05399196262438,107.4647839835218,108.02145237670702,2036500
2020-01-09,108.33570861816406,109.26050261985704,107.5096728393564,109.20662640268337,1418500
2020-01-10,106.45913696289062,108.47033912186332,106.27956791034887,108.46136546432042,1610500
2020-01-13,106.89910888671875,107.4198688410594,106.1449104839813,106.6477094191396,1357600
2020-01-14,107.32109069824219,108.27281909519301,106.57586604585345,106.82727233289563,1326800
2020-01-15,105.50741577148438,107.21334928619031,105.256016340919,107.21334928619031,1729200
2020-01-16,106.96194458007812,107.04275545544701,105.95634684301336,106.37834168629769,1413600
2020-01-17,107.2672348022461,107.67126868367393,106.8631940706965,107.5186342707009,2303300
2020-01-21,107.12358856201172,107.44681845099429,105.94739509662237,106.1179905519528,2548400
2020-01-22,108.12018585205078,108.68584144126464,107.09662707648023,107.41985688456788,1654700
2020-01-23,108.5152359008789,108.70378546297917,106.71053744917596,108.12017576117151,2170200
2020-01-24,105.56129455566406,109.71837974005304,104.95973060017053,109.34128056050079,1972200
2020-01-27,100.74877166748047,103.23584528160663,100.73979115818992,102.93955012611205,2737800
2020-01-28,102.63426971435547,102.88566916189124,101.5029722004445,102.38287026681971,2670500
2020-01-29,101.66458129882812,102.7779245814754,101.09892572408219,102.63426384816825,3500900
2020-01-30,100.89242553710938,101.90700381388244,99.6264409681916,100.76672581609753,2761000
2020-01-31,98.54002380371094,100.30880710376948,98.04619862091067,100.25493775659871,3245400
2020-02-03,98.76451873779297,100.21007269641956,98.36048481027828,99.39301748062081,2134800
2020-02-04,100.97325134277344,101.79928021618673,100.21905285403675,100.79368223120447,2249800
2020-02-05,104.76221466064453,105.10339870014494,102.454716726099,103.32564127048195,2192400
2020-02-06,103.96309661865234,105.2201006151148,103.56803645830455,104.99563586039368,1398100
2020-02-07,100.80262756347656,103.37948537607302,100.65897368461646,103.25378566327521,1663800
2020-02-10,101.3682861328125,101.3682861328125,99.16852739325525,99.58154857628521,1813900
2020-02-11,104.9417495727539,105.74084347473172,101.86209316003354,101.86209316003354,2765500
2020-02-12,106.6746597290039,106.89015089003807,105.30991662640119,105.41766220691827,1856000
2020-02-13,106.73748016357422,106.88114089797088,105.00461194310941,106.15387726792012,2391100
2020-02-14,105.63312530517578,107.17744406518553,104.7801550434804,106.89012942495962,1869000
2020-02-18,106.45913696289062,106.74645155702959,104.21448955551745,104.35815027764706,3074300
2020-02-19,111.23576354980469,114.29746637433517,109.88897489739753,112.28625705465315,4598900
2020-02-20,111.8283462524414,112.7441594598466,109.87101326982945,111.69366602632041,3062400
2020-02-21,110.22119140625,111.30760015804397,108.47036194995653,110.36484530849198,2813700
2020-02-24,105.37277221679688,107.46478611362357,105.0226076237806,107.15052986593754,3041400
2020-02-25,102.94853210449219,106.64770737089148,101.79926665315443,106.43222309569386,3251400
2020-02-26,103.1101303100586,105.39967363418218,102.61631194121297,104.13369593210936,2896600
2020-02-27,97.24236297607422,102.64972966651051,97.10695169997707,100.94356549467582,3541300
2020-02-28,98.4430160522461,99.3547712348841,93.432846183155,93.84810245082578,6033200
2020-03-02,100.44707489013672,100.60054469936462,96.80906283474212,99.38184991844385,3979400
2020-03-03,96.77294921875,102.18032341569027,96.20423005878207,99.41795648382109,3416000
2020-03-04,101.52133178710938,101.59355206543233,96.30353720611063,98.39787706634243,2181000
2020-03-05,98.28050231933594,101.1692439337331,97.42290220231256,98.42493595640416,2197200
2020-03-06,96.5924072265625,97.0076634778824,94.3446045382401,94.78694167092583,3801200
2020-03-09,88.02547454833984,93.53214308146613,87.66438006198798,89.92121199255651,4936400
2020-03-10,92.4759521484375,92.56622405284348,86.77068100993868,90.39063465394375,4355300
2020-03-11,85.22700500488281,90.86005561961744,84.82077112179002,89.8038599207243,4167900
2020-03-12,81.25498962402344,86.08460922391312,78.7634449110007,81.05638728560277,8483800
2020-03-13,90.08370208740234,90.68853137787872,80.66819921494198,85.65128097218526,6399300
2020-03-16,75.11639404296875,83.82776677591755,74.9448726102704,81.10150991451161,7287000
2020-03-17,86.15681457519531,87.47480354400419,74.31295859292732,77.76139737085306,5555700
2020-03-18,74.23171997070312,83.49375338965444,71.38811031935299,78.93495695596081,5725800
2020-03-19,81.53482818603516,82.78059700063672,71.71309756469633,74.42129602998179,4465000
2020-03-20,76.80450439453125,84.2881597547135,76.62395371127516,83.42153713699732,4567500
2020-03-23,76.87672424316406,78.99814482674778,72.67901558108308,77.43641413990532,4063700
2020-03-24,84.61314392089844,84.85687873365568,78.93495408128688,81.04734541619733,3651400
2020-03-25,85.1818618774414,87.96228036894347,81.01123414018832,83.64721897472239,3859600
2020-03-26,83.61112213134766,87.11372323914988,82.0223103282814,85.33533835706574,5063600
2020-03-27,80.0453109741211,83.62013182355767,79.6751941294778,80.57792687592051,3009900
2020-03-30,82.12162017822266,82.57298666759417,79.07940756042845,80.83071174312788,3268200
2020-03-31,80.92999267578125,83.29514808052889,80.50570717994518,81.75147589953048,3432100
2020-04-01,75.91079711914062,79.53978679727855,75.53165099972462,77.67113019466576,3231900
2020-04-02,79.16966247558594,79.68421988745281,74.8365492407345,75.04417392435724,3638200
2020-04-03,78.14055633544922,80.16268295706584,77.03922111358605,78.8898262830847,2253800
2020-04-06,86.4818115234375,86.93317795751118,81.17373785085579,81.37234018381704,3673600
2020-04-07,86.8880386352539,91.10379948023973,86.52694411021778,89.38860565179705,3814800
2020-04-08,91.537109375,91.68154304487965,86.43666756177872,87.76368590986567,3001300
2020-04-09,89.18097686767578,93.49603868176057,88.35046431921279,91.48294144573984,2806200
2020-04-13,89.97535705566406,90.47186274316023,87.86296606661462,88.03448057813794,2348300
2020-04-14,92.99952697753906,93.25229793859047,90.33646805974233,91.89819878297088,3177900
2020-04-15,90.67948150634766,91.32042767494411,88.71152428023767,90.93225240460536,1884100
2020-04-16,91.92528533935547,92.38567412183019,89.46985095027077,91.64543347988302,2621700
2020-04-17,92.80093383789062,94.54320840317007,91.5280772943678,93.84810029594985,1917000
2020-04-20,91.09476470947266,93.00855372321679,90.27327460466415,92.22318064203095,1498300
2020-04-21,87.08663177490234,89.43373560890228,86.70748566292713,88.52197357908186,4028000
2020-04-22,92.18706512451172,92.728703363062,89.60524907054135,90.21007832213411,3170600
2020-04-23,91.9072265625,93.83005188455361,91.28434559761232,92.15096828175139,2585200
2020-04-24,95.61746978759766,96.07786550791145,91.72669308378646,91.72669308378646,2899900
2020-04-27,97.52222442626953,98.00067171391446,95.8882802430358,96.24034548818224,1848900
2020-04-28,97.14307403564453,100.92552654996878,97.03474362369788,100.1401465597906,1648700
2020-04-29,102.31574249267578,102.96571127573674,98.5784288773806,98.70481093105296,2544300
2020-04-30,98.93952178955078,102.00881494409066,98.71383857064792,100.60957623197085,2455900
2020-05-01,93.55923461914062,96.85421099053217,93.18911772176908,96.02369839843993,2782100
2020-05-04,93.34259033203125,93.73978815485285,91.16700057176739,93.09884857361443,2550500
2020-05-05,95.63551330566406,96.86323044243612,94.9133243238083,95.45496261654783,1818400
2020-05-06,95.01261138916016,97.22430362619544,94.60638445168136,96.43893062876263,1328700
2020-05-07,96.00564575195312,97.26044397398124,95.5362276586507,96.55631339037475,1159000
2020-05-08,99.14713287353516,99.18324300756714,96.14103136658478,96.70072811312481,1286200
2020-05-11,97.87427520751953,98.79506639513903,96.81807962816518,97.53123926961833,1436600
2020-05-12,96.23129272460938,99.89639172368283,96.09588145863741,98.74088822305134,2018400
2020-05-13,93.70365905761719,96.93543695971744,92.40372173734191,96.15006390147119,2470100
2020-05-14,95.22927856445312,95.3014988394503,90.6885338053992,93.44187152575222,2053000
2020-05-15,91.89820861816406,93.48701350527,90.35452935472111,93.0266247019465,4237500
2020-05-18,97.80207061767578,98.5423181434384,94.39877090956394,94.8591665771733,2536200
2020-05-19,95.98757934570312,99.64364301785001,95.78897702966117,97.32362001985054,3591500
2020-05-20,103.42610931396484,104.328842224757,100.07697104140262,100.82624101031342,4753400
2020-05-21,100.21237182617188,103.128194964774,99.3908816577583,102.38795433119371,3021000
2020-05-22,100.25750732421875,100.92553458679559,98.86729791973602,99.98669160374342,1764900
2020-05-26,101.73798370361328,104.03092583980306,101.60257929359207,102.79418631291148,2112200
2020-05-27,103.525390625,104.16633004222903,100.77205302035736,102.74903991966812,1825600
2020-05-28,100.71172332763672,103.79770039877187,100.25790337378575,103.62524660039075,2274200
2020-05-29,102.51790618896484,102.84465705038278,100.21250733580962,101.02937756461277,2913300
2020-06-01,102.36360168457031,102.96264719538587,101.04752692255362,101.99147301779132,1209500
2020-06-02,106.01231384277344,106.07584834125556,102.0550044165532,102.56328040441016,3112600
2020-06-03,110.38714599609375,111.52169565387193,107.45546663350862,107.872980076602,3762300
2020-06-04,111.07695007324219,111.51262019997618,108.79877928735307,108.79877928735307,1653200
2020-06-05,113.08282470703125,115.62421858766326,112.5110142000226,113.31881296338423,3549800
2020-06-08,112.28411865234375,113.77264736804858,111.48539812249354,113.45497482349123,1809800
2020-06-09,111.99365997314453,112.87407157394136,110.34175602645831,110.77742612134688,2471500
2020-06-10,111.53076934814453,113.07376106914994,110.72297052925167,112.71978212265718,1892700
2020-06-11,104.96853637695312,109.98778298629483,104.76885452798071,109.78810113732241,3210500
2020-06-12,107.47362518310547,108.64447435661094,104.83239020978804,108.47202751444082,3138700
2020-06-15,107.55531311035156,107.70961020983763,104.44210841168673,105.42236102855459,1695500
2020-06-16,111.35831451416016,112.86499278154058,109.09828672597772,112.21149110422233,2706300
2020-06-17,111.21308898925781,112.3113321721437,110.59589372927537,111.26754515419293,1478900
2020-06-18,111.46723175048828,112.06627728931272,110.72296745739038,111.05879664655635,1248700
2020-06-19,109.08014678955078,112.9013093536382,108.86231518576744,112.9013093536382,4495800
2020-06-22,109.37059020996094,109.57935039998667,107.4191633565361,108.93492008174027,2034600
2020-06-23,111.86659240722656,113.01022036183855,109.79717501061336,111.18586263598583,2693900
2020-06-24,108.43572235107422,111.28571062025871,107.67330135802455,111.07695043027434,2102900
2020-06-25,109.00753784179688,109.18906995538774,106.74751669434168,108.75339980751174,1809100
2020-06-26,106.98348999023438,108.93490973354368,106.32090998676011,108.79876932335269,2264100
2020-06-29,108.00912475585938,108.29049084812966,106.29368626959857,107.92744050639048,1406200
2020-06-30,111.31294250488281,111.82121856777296,108.01821258337645,108.48110388719056,2400500
2020-07-01,109.25260162353516,111.11325899745789,109.18906711661569,110.99526832024799,1587300
2020-07-02,110.0422592163086,111.46725357816514,109.58843926763143,111.10420315901771,1624100
2020-07-06,112.20243072509766,113.01022956544487,111.53077231029287,111.60338515374343,1273300
2020-07-07,111.29478454589844,112.87407571390447,110.31453199000165,110.45067933244424,1920300
2020-07-08,111.51261138916016,112.18426281192913,109.81532269845266,111.70321489056454,1818900
2020-07-09,112.71979522705078,113.49128771487354,109.86072831359701,111.15865357654307,1840900
2020-07-10,113.00112915039062,113.52756177543861,111.46721602472137,112.91944491102484,1769000
2020-07-13,106.42076110839844,111.5761551857779,105.70372487209352,110.4869902513669,14320000
2020-07-14,107.11058044433594,107.35564015650745,103.29848892636262,105.45867619730357,6274100
2020-07-15,107.01071166992188,108.33586467284664,106.15752821848427,108.24510209656918,4159200
2020-07-16,105.26806640625,106.10309335519838,104.29689210318692,105.93971791520917,4183100
2020-07-17,105.9669418334961,106.34814887023103,105.0683804112661,105.70372547249099,2709200
2020-07-20,106.24832153320312,106.96535786529822,104.86871197032856,106.23017178259305,3532200
2020-07-21,103.99737548828125,106.6386038461746,103.3711017769877,106.4570786463974,5033300
2020-07-22,103.36202239990234,104.38765985008027,102.60868659613624,104.05183061665369,4271300
2020-07-23,101.6011962890625,103.46185363010763,100.26696474258743,103.07156825885805,4216300
2020-07-24,101.84626007080078,103.44370804116171,100.60279106478943,100.73893841832589,3736100
2020-07-27,105.10468292236328,105.3588209373985,102.48160467115584,102.67220818243226,3977500
2020-07-28,104.76885986328125,105.27713592310084,103.26217450775611,104.16981428585792,4393700
2020-07-29,106.67491149902344,106.8836717134385,104.93224463202941,105.2499171976675,3944200
2020-07-30,105.55850982666016,105.79449118508286,103.62523265165323,104.14258705241382,3164100
2020-07-31,104.2424087524414,105.76724358781863,102.89910599552621,105.76724358781863,3293300
2020-08-03,105.80357360839844,106.02140522641058,104.47842030131599,105.1682285038871,3068200
2020-08-04,106.35721588134766,107.13778654472912,105.3951200554435,105.62202997096739,3310000
2020-08-05,105.44050598144531,105.95786035158253,104.31503465293908,105.81264159535992,3115000
2020-08-06,105.95787811279297,106.33001378908688,104.44212116854334,105.38606747881511,2299200
2020-08-07,105.57665252685547,106.46614250417304,104.85053797701492,106.07585714546353,2110800
2020-08-10,105.97602844238281,106.47522619381438,104.79609389401301,105.50405185313795,3412000
2020-08-11,105.79450225830078,108.39943120832045,105.58574896363552,106.48431050642921,4316100
2020-08-12,108.20881652832031,108.52648906886365,105.96694514617694,106.37538028048381,3601900
2020-08-13,107.20133209228516,108.13619993263275,106.69305604504571,107.32840110409502,2894300
2020-08-14,106.35721588134766,108.06357595318052,106.25737496453786,107.6188344576812,2079800
2020-08-17,106.59321594238281,107.55531187488208,106.42076217156054,107.49177736848576,2592400
2020-08-18,106.99256896972656,107.72776186047088,106.36630226432267,107.11056656656069,5718000
2020-08-19,107.23763275146484,108.43571688754164,106.6567438930483,107.55530526392054,4722400
2020-08-20,106.602294921875,107.55531951021689,105.86710887784929,106.84736155304512,2866800
2020-08-21,105.30435943603516,106.40260961362384,105.05022141716036,106.2573839315573,3055900
2020-08-24,106.4026107788086,106.68397688496661,105.48589269376437,106.38445410598061,2292200
2020-08-25,108.82598876953125,108.9167513440365,106.55688978319715,106.55688978319715,3007000
2020-08-26,109.37968444824219,110.05133602401749,107.99099653255776,108.83510190235025,3462600
2020-08-27,108.60418701171875,110.364991047874,107.60973981921111,110.34674047889995,3055400
2020-08-28,109.09684753417969,109.13334171143083,107.91993641990263,108.6862932605188,2123100
2020-08-31,106.63353729248047,108.54944321664082,106.56055590228232,108.33960344837152,2948000
2020-09-01,108.3487319946289,108.44908923979429,106.61529689515245,107.46376735665368,2787000
2020-09-02,111.14960479736328,111.77911025180533,108.3396156226802,108.68629988687368,5158000
2020-09-03,106.85250854492188,110.72080087197364,106.52406790803937,110.71167558746228,5880300
2020-09-04,107.14444732666016,108.01116135821178,104.23410126526854,106.84337560433299,3766400
2020-09-08,103.02981567382812,106.04963713332656,102.91121483240809,104.36182166117142,5379100
2020-09-09,105.33802795410156,106.05877227406906,104.19761104792877,104.88186119163245,3698400
2020-09-10,104.2523422241211,106.60616423979971,103.70494353596493,105.65733659873813,2403800
2020-09-11,103.82356262207031,105.63910446992855,102.63752620174023,105.02784265108195,2361900
2020-09-14,104.57168579101562,105.62998920878881,103.7232152154791,105.62998920878881,2350500
2020-09-15,105.88540649414062,106.72475846711478,105.05518676418224,105.39274564931375,2237300
2020-09-16,105.42925262451172,107.40902152675511,105.31977706384242,106.75214032053168,2476800
2020-09-17,105.36538696289062,105.49311308755708,102.72874387998039,102.92033306698006,2537800
2020-09-18,104.83625030517578,106.1043933675128,104.08813012108234,105.86718469842347,5849900
2020-09-21,103.9421615600586,104.04251880733536,102.07187499959466,103.0663221879136,3282100
2020-09-22,104.6446533203125,104.69027278112657,103.01158242356628,104.13374876984675,2220100
2020-09-23,102.63752746582031,105.49312905751479,102.34558099945076,104.81800415913885,3149800
2020-09-24,102.80175018310547,104.29797672817533,101.6887020789687,102.17223777260612,2255500
2020-09-25,103.53160858154297,103.69582888986814,100.9588283914834,101.97151217217771,2293600
2020-09-28,106.79777526855469,106.80690055404611,104.70853036643638,105.21031666016364,2071500
2020-09-29,106.42371368408203,107.60062483959392,105.68471874982168,105.82157017917011,2293900
2020-09-30,106.50582122802734,107.88344689633493,106.02228553955887,106.47845233404654,3185100
2020-10-01,108.55856323242188,109.15158141054708,107.08058738972323,108.5494449088501,3092800
2020-10-02,104.01515197753906,107.60974150024096,104.00602669290949,106.28686061161365,3172700
2020-10-05,106.3780746459961,106.46018827271644,104.89097368745406,105.24678316195524,4414000
2020-10-06,105.41102600097656,108.5038363781098,104.94573391151182,105.79420444615785,3773000
2020-10-07,108.2666015625,108.54942964616149,105.63908390893948,106.83423842071592,4256000
2020-10-08,109.79021453857422,110.48358997588296,108.83226850073237,109.41616140776526,3992900
2020-10-09,112.5180892944336,113.50341111929848,111.08572601516879,111.60575581819991,3984700
2020-10-12,115.05438995361328,115.24597917284952,113.13849080069798,113.78624681636894,3053000
2020-10-13,112.75531005859375,115.40107897929903,112.5089830409887,115.2733528278663,2439600
2020-10-14,112.2535171508789,113.30270209112783,111.75173093059175,112.864778938827,1494900
2020-10-15,113.11109924316406,113.6402473309857,110.30111066961504,110.7937715463192,2033100
2020-10-16,112.8009262084961,114.78981374305249,112.70969424023356,113.8136170654821,2232500
2020-10-19,111.86121368408203,114.27889890938052,111.60576141162225,113.69500601217175,2390800
2020-10-20,112.78266906738281,113.60376364378354,111.75172776410498,112.18052562009996,2898400
2020-10-21,113.8227310180664,114.78067703027754,112.21702208641187,113.2023439508739,3992800
2020-10-22,113.81360626220703,114.16941577704429,112.14403425532306,113.64026066657522,2070400
2020-10-23,113.31181335449219,114.63470105257161,112.6275632570362,114.24239738494143,2304100
2020-10-26,110.5109634399414,112.81004794697559,109.30668339929824,112.56371398380267,2186200
2020-10-27,109.74459838867188,111.48715176749714,109.6898606056304,110.93062777140135,2475100
2020-10-28,106.25946807861328,109.06033122924867,106.01313417228589,108.47643843280392,3387200
2020-10-29,108.09327697753906,108.97823463251049,105.50224619803919,106.04052658668394,2680200
2020-10-30,108.13887023925781,108.25747802882768,106.13173966503327,107.02582244497744,3099200
2020-11-02,108.09327697753906,109.60774697974945,107.3086696046347,109.60774697974945,2445300
2020-11-03,109.2519302368164,110.67516818622006,108.81400711977969,109.0238468751529,2549900
2020-11-04,114.89927673339844,115.30069871756994,110.41059087668359,111.66049020694825,3765300
2020-11-05,118.9682846069336,119.47007082364269,115.7386300940231,116.27690352599073,3752900
2020-11-06,121.79651641845703,122.05196867253778,118.60334932134393,119.49743221062654,3814600
2020-11-09,123.91313171386719,128.07336987925112,123.80364223718121,126.41291637369525,5150800
2020-11-10,122.96431732177734,124.86197281591713,122.16145932626672,123.165031820655,4742600
2020-11-11,125.3364028930664,126.48593829515458,123.67594894672102,123.67594894672102,2515200
2020-11-12,123.60295867919922,125.61922216568642,122.60851834437872,125.30903206656737,2013500
2020-11-13,124.32369232177734,125.83815538071643,123.78540496643814,125.38198862198792,2220300
2020-11-16,125.91114807128906,127.88179187796575,124.81635059683707,125.70131525295285,3433200
2020-11-17,123.95877838134766,125.40939957969681,123.30189698767084,124.98060161657146,2978000
2020-11-18,121.55021667480469,124.5426701395031,121.3130149210435,124.03176548764353,2359100
2020-11-19,124.23245239257812,124.28719017580423,119.97185657119083,120.11783327386345,2473900
2020-11-20,123.05554962158203,124.90758555333153,122.87307178071421,124.64300103673604,2295000
2020-11-23,125.05355072021484,125.29987072467253,123.32922716239034,123.42046607440659,2881900
2020-11-24,124.88932800292969,125.82903036222382,121.19437466960316,125.61919756228248,4677800
2020-11-25,124.03172302246094,125.85638982358903,123.1285218654084,124.63386640789791,2040200
2020-11-27,125.67393493652344,126.40380449351532,125.20864988047927,126.01149386417683,1305700
2020-11-30,126.88735961914062,127.1063246962239,125.08094297679835,125.58271532331685,3010400
2020-12-01,128.3927001953125,129.4692610534873,126.64102140070635,127.72670058303908,3161000
2020-12-02,128.3288116455078,129.22289442567654,127.79053831303597,128.37443109697708,2193000
2020-12-03,128.06304931640625,129.59338962315368,127.67817456705066,128.82364012444248,1734100
2020-12-04,131.93020629882812,132.08598801244358,127.56827636937385,128.06311157834404,3349100
2020-12-07,131.69192504882812,132.58079369142123,130.58310794475238,132.58079369142123,1734400
2020-12-08,133.9095458984375,134.074486271212,131.23373931688496,131.27038807214453,2837400
2020-12-09,129.92332458496094,134.07449193465348,129.12608478406605,133.24058939421275,3019500
2020-12-10,129.4651336669922,130.73889115802243,128.42046935048347,128.81451688168414,2704300
2020-12-11,129.34600830078125,130.1799108606302,127.82484015994142,128.32883398715217,3216000
2020-12-14,130.42730712890625,131.8934948238681,129.81333919640696,130.17988262446354,2214400
2020-12-15,132.01266479492188,133.11230937057024,131.49033956415315,133.11230937057024,2554500
2020-12-16,130.85800170898438,132.6540840598037,129.7308673982238,132.6540840598037,1583100
2020-12-17,131.7560577392578,131.8385279214258,130.68390342286355,131.54529594613848,2354200
2020-12-18,132.47080993652344,132.87401608463858,131.44447718331043,132.30586959378638,4230700
2020-12-21,130.6655731201172,131.3986740384177,129.49261724393114,129.8774920799231,1827200
2020-12-22,132.21424865722656,132.58079213476051,130.73888808863572,130.79386821199208,2161600
2020-12-23,131.24288940429688,133.44217812683988,131.11459779519416,132.69075984002006,2200900
2020-12-24,132.3883514404297,132.39751013269998,131.0504412839429,132.0584567431272,466400
2020-12-28,132.5807647705078,135.14661053187513,132.36084432247327,134.16609924134067,1630800
2020-12-29,131.64610290527344,133.0939734213481,130.80304171542062,133.03897931490636,1130900
2020-12-30,133.95533752441406,134.3493850062832,132.41583829607606,132.55328859048623,1138800
2020-12-31,135.37576293945312,135.46740582142408,133.5155270939156,134.24862820146146,1626800
2021-01-04,133.80874633789062,137.950740898115,132.5258161608776,136.03552529996924,2496600
2021-01-05,136.2004852294922,136.23713398679732,133.0023393235069,133.57965862591604,1513700
2021-01-06,136.81442260742188,139.5543675448378,134.8075645136148,135.37571101223224,2498200
2021-01-07,142.5967254638672,143.1465545576534,138.50053926509048,139.13283852812424,2661100
2021-01-08,143.6322479248047,146.44550456647434,142.7891868015353,142.97245852698754,4204900
2021-01-11,145.0618133544922,145.88654326046264,142.04693908868376,143.073286106895,2609400
2021-01-12,145.7857208251953,146.01481398658362,143.43065039714688,143.87966404451632,2573800
2021-01-13,145.22671508789062,148.25074724277994,144.92431047412816,146.6196052529596,2622900
2021-01-14,146.12478637695312,147.3710537185615,145.8681891753032,145.8681891753032,2028100
2021-01-15,144.55776977539062,145.75821557876,142.52342159559038,144.81435297079466,2338000
2021-01-19,147.11447143554688,147.50851897916831,145.06180547608386,145.2084284682564,2992100
2021-01-20,146.4638671875,149.3504359318575,146.23477398611485,147.93005528672154,2296100
2021-01-21,145.968994140625,147.47184473631938,144.38367336179337,147.1786127575858,2469500
2021-01-22,142.5692596435547,145.64827233015885,142.42263666258853,144.53945526286566,3147200
2021-01-25,140.86477661132812,144.136219044372,139.73764239316014,143.87047718159883,3697100
2021-01-26,141.98275756835938,142.52341398819274,139.3161102341013,141.0572123932285,2329100
2021-01-27,135.14662170410156,140.0400618184155,134.47767364813882,138.45472721652703,5644400
2021-01-28,136.7319793701172,139.16036147909918,136.0355271556635,137.7949610958437,4352000
2021-01-29,135.00917053222656,137.02518736154965,134.38602992229875,136.15463622874373,3512700
2021-02-01,139.17869567871094,139.52690781028042,135.00003823797098,135.9347283615261,2958500
2021-02-02,139.1694793701172,141.3504502734465,138.36308112316954,140.2233160762208,2536500
2021-02-03,135.23826599121094,139.6643471964001,135.12830575693457,139.2886310856414,2703600
2021-02-04,137.9324188232422,138.051537762616,134.70678309518425,135.46737409262974,2027600
2021-02-05,136.319580078125,139.2244794811644,136.18212978410733,139.03204906953965,2169300
2021-02-08,140.38827514648438,140.47991799672167,136.31957869209873,137.6025086817418,2295700
2021-02-09,140.0675811767578,140.6723765680984,139.0412341830281,139.9301168738824,1689300
2021-02-10,140.415771484375,141.84531052249633,138.9220936344079,141.7628403432362,1761800
2021-02-11,145.51998901367188,145.71241945226558,141.68038512498703,141.68038512498703,2981500
2021-02-12,147.33441162109375,147.9025582593094,144.70442626746353,145.69411052879119,2387900
2021-02-16,147.06866455078125,150.2393063679574,146.9495316213408,149.23130475405682,3172400
2021-02-17,146.39053344726562,148.5531734991294,142.03776328216696,144.00795892169566,3815900
2021-02-18,144.86932373046875,145.49246429530245,142.64254528929519,144.7318734499276,3807700
2021-02-19,150.1018524169922,150.65166765233278,146.61963332888362,147.19695260959222,2944000
2021-02-22,145.9232177734375,149.74449088277535,145.2176067632594,148.73647515394953,3510200
2021-02-23,144.51197814941406,145.40086082489796,140.489102384356,144.20041477399906,3022200
2021-02-24,148.23243713378906,148.3790601159245,142.1843859394428,143.4306533221196,2748700
2021-02-25,141.4314422607422,147.38577364858466,141.07252646956854,146.05134386307438,3282600
2021-02-26,143.40087890625,145.17704777405007,140.1246053666911,144.0818906185048,5574200
2021-03-01,145.95013427734375,146.12499323740818,142.6738738971067,144.56048861166627,3385500
2021-03-02,141.9927978515625,146.70473401041437,141.75352538375438,146.70473401041437,3016500
2021-03-03,137.98953247070312,142.64623972723464,137.60300886107493,140.9620921150159,2665700
2021-03-04,133.00149536132812,137.66739977758417,130.9124145850453,137.29928612691245,4870000
2021-03-05,137.0140380859375,137.69504995341887,131.96159452694872,137.1244694065799,4040100
2021-03-08,132.5781707763672,137.63981142351102,132.31129044827833,135.99248364620112,3996300
2021-03-09,137.52015686035156,139.0662651787132,136.36058615355768,136.87595091213274,5203400
2021-03-10,135.3850860595703,139.44360501029138,135.36667616128028,139.26874608313082,3137300
2021-03-11,138.99266052246094,139.99578236704593,138.0355564045146,138.36686437661882,4462100
2021-03-12,137.6213836669922,137.88827800308482,135.7899992759653,136.7563151735525,3658500
2021-03-15,138.96499633789062,139.06622967838513,136.16729663011142,137.69498061943824,2113200
2021-03-16,140.8792724609375,142.19529235497217,139.8301329084254,140.19824662969205,2324600
2021-03-17,141.87319946289062,142.52660343882738,138.10918251644662,138.43127851894096,2852800
2021-03-18,137.53857421875,141.06331829272207,137.38212519731152,139.28714936465235,3853400
2021-03-19,139.8025360107422,140.99892676234597,135.9648932938385,137.49257799489868,4624900
2021-03-22,142.1861114501953,143.86106138056127,141.00813054994146,141.00813054994146,3321600
2021-03-23,138.4957275390625,142.6186609234034,137.70427026039232,142.268942996681,2505200
2021-03-24,138.44967651367188,141.69832834268033,138.22879986948936,140.1982376415452,2792800
2021-03-25,137.95269775390625,138.8822079446937,134.8328873454479,136.60907021470325,2725300
2021-03-26,144.5880889892578,144.8273615291666,136.20416960904925,136.5906932701203,3686200
2021-03-29,141.58790588378906,143.75981053798398,139.9037582286489,142.67385118956736,2779000
2021-03-30,140.44671630859375,141.20135357042525,139.42518469073832,140.023372935393,2114000
2021-03-31,142.7198486328125,143.66775466929408,141.36700913557445,141.9283916075075,3457000
2021-04-01,147.59744262695312,147.69867599944965,144.3763986472388,144.836547787198,3345800
2021-04-05,150.45956420898438,150.83687581471975,147.79990285892762,149.23556586551373,2628400
2021-04-06,148.82142639160156,150.0914283440235,147.0268336881029,149.36439895313305,2422100
2021-04-07,146.7415771484375,149.06993097824758,145.98693976221406,148.79383864957495,2062700
2021-04-08,149.19874572753906,149.29997909534083,146.78756883961668,148.73859660891958,2599500
2021-04-09,148.38890075683594,149.0607145739801,147.40417484990638,147.98396726399153,2250400
2021-04-12,146.99928283691406,148.06683252062618,146.2906630671174,147.8367578841007,2026700
2021-04-13,146.4746856689453,148.12201350196324,144.81814586533298,147.75389978677742,1704600
2021-04-14,145.83047485351562,147.82752048017633,145.0850214344099,145.140251128247,1596400
2021-04-15,147.901123046875,148.46250548456544,146.04211683708508,147.24770517639516,1816000
2021-04-16,146.79678344726562,148.47173316983194,146.456277554439,148.15883510384865,1861900
2021-04-19,144.4040069580078,146.32742699927476,143.29043985680008,145.84886796016883,3405000
2021-04-20,142.15847778320312,143.8058055412655,141.33021494040304,142.55419930689013,2339700
2021-04-21,145.67405700683594,145.72007474466676,141.83641358813122,143.09723220001408,2713100
2021-04-22,142.9867706298828,145.5268034270519,142.5634411921149,144.73534617096362,2487900
2021-04-23,146.34584045410156,147.2201210356888,143.6677690152011,144.2107416451446,3415500
2021-04-26,147.8367156982422,148.99628648009102,145.65561326001315,145.98692120377532,2705500
2021-04-27,146.8336181640625,149.0147209621296,146.75999260412001,148.4809461845264,3232400
2021-04-28,143.62176513671875,146.10656799226604,142.68305684279588,145.86729546514962,3304600
2021-04-29,145.41632080078125,145.50835624243956,141.73512781663769,144.06348125569755,5833000
2021-04-30,140.952880859375,143.85181467879724,140.4099082716645,143.1431811068313,4035000
2021-05-03,139.25953674316406,141.89157623479238,138.6889422840358,141.72592929167035,3265500
2021-05-04,139.8025360107422,139.88535949810628,136.71033276539424,138.04476266260488,3849600
2021-05-05,141.66148376464844,142.84867621081204,140.1614073685786,141.06329559992938,4415400
2021-05-06,143.03274536132812,144.00825921197918,140.67678420293245,141.7167256684103,4775100
2021-05-07,144.7261199951172,145.7292559142799,143.58495897692111,144.18314731435365,2706500
2021-05-10,138.77175903320312,144.64326602735946,138.74415121068682,144.33036801041746,4132300
2021-05-11,138.8177947998047,139.96816769633443,136.06611181859378,136.5170490067452,4643100
2021-05-12,134.40957641601562,137.13365165982842,134.04144865155556,135.6519707591427,4733000
2021-05-13,134.943359375,137.428162255483,134.01384900034017,135.84524787833163,4053200
2021-05-14,137.68582153320312,138.75337087179997,134.9433366843443,136.1949428641317,4852100
2021-05-17,136.29617309570312,136.9587889428455,134.20709218755604,136.54464350640413,5079800
2021-05-18,134.26229858398438,137.85145580652292,134.18867304574826,137.68580887746833,4223000
2021-05-19,140.91610717773438,141.1093760488358,132.58741667055958,134.1703172314418,7065800
2021-05-20,146.75997924804688,148.3520914643217,142.5266012137762,142.98675038956048,5986500
2021-05-21,146.65875244140625,147.95637654551498,146.3090345584904,146.96245259615335,3526700
2021-05-24,149.55767822265625,149.99943153668752,147.91954830037872,148.15883485613858,3434600
2021-05-25,150.67123413085938,152.00566381598452,149.72332803464127,151.21420674080233,3327300
2021-05-26,150.81846618652344,151.9964467019147,149.70489923983376,150.6712151114407,4016300
2021-05-27,150.8369903564453,152.81475553027502,150.5874552166497,150.81850261593829,3469200
2021-05-28,152.1216278076172,153.06429113296403,150.71685553770686,151.3175731922131,2750200
2021-06-01,151.28057861328125,153.71120146436252,149.87580665162855,151.3452645439955,2981800
2021-06-02,152.0291748046875,152.78701697389587,150.97559932452884,151.4376940807741,2071800
2021-06-03,149.7833709716797,151.31751453672447,148.81296935808433,149.38596222808863,2553700
2021-06-04,153.02732849121094,153.55410927433286,150.07916116369202,150.07916116369202,2443000
2021-06-07,152.01068115234375,153.01805839929906,151.57631097021007,152.1770425911669,1999200
2021-06-08,152.40809631347656,153.8867910763692,150.86470151556335,153.8867910763692,2437100
2021-06-09,153.75735473632812,154.25642480809026,152.43577093171496,152.87937780505266,3245400
2021-06-10,154.6538543701172,155.1436736352271,152.2047580445677,154.5152315977319,2905800
2021-06-11,154.8941650390625,155.02355100431228,153.82210184012854,154.97733870914897,2383300
2021-06-14,155.67047119140625,155.67047119140625,153.2121239018693,155.05126596019417,2755500
2021-06-15,154.9126434326172,156.12332945220666,154.42282411327204,155.66123469040835,2377800
2021-06-16,153.43392944335938,155.84606436198396,151.982945304036,155.31926963053192,2360900
2021-06-17,153.61878967285156,155.46716879142562,152.57445095821288,153.43395458139688,2391500
2021-06-18,149.89430236816406,152.8054937515422,149.22888477733252,152.8054937515422,3936500
2021-06-21,151.70567321777344,151.85354689538636,149.8850191054433,150.24546648287856,2973200
2021-06-22,151.2621307373047,151.75195016384285,150.11613040052734,151.1419815602993,2983800
2021-06-23,151.22512817382812,152.42656320866115,150.64288429244652,151.22512817382812,2257000
2021-06-24,154.37660217285156,154.58917590344876,152.71307241590807,153.60028640600964,2059900
2021-06-25,154.9496612548828,156.62244249340338,154.40439267143452,154.8295120713371,2959500
2021-06-28,157.63902282714844,158.18429129278138,155.67049451662675,156.13258930486086,2265900
2021-06-29,158.40606689453125,158.81271251092053,157.0197827124834,157.37097921791266,2121400
2021-06-30,159.10845947265625,159.37646820890467,157.29704194148837,158.17501910066176,2954400
2021-07-01,156.34510803222656,159.04373919684795,156.0863361467156,158.98829009309705,2865100
2021-07-02,157.73141479492188,158.24895864062614,156.77026395318714,157.3802182844745,1563500
2021-07-06,155.5596160888672,158.52625710997086,154.10863150007887,158.52625710997086,2293400
2021-07-07,152.888671875,156.58543010854814,152.1585683287602,156.4375704967365,4204600
2021-07-08,151.48387145996094,151.84430472267232,148.0366352195057,150.00516294001145,3152500
2021-07-09,153.6649932861328,153.9792143340475,150.40260545439958,151.53011778116428,2346200
2021-07-12,154.8479461669922,154.9126320958634,153.11046547713804,153.89603215551134,2074000
2021-07-13,154.5799102783203,155.5965242348639,153.39694900271186,154.35811385290046,2127100
2021-07-14,153.56332397460938,157.1122081145974,153.29530113422834,155.8830344412241,2012800
2021-07-15,151.25286865234375,153.3322951881661,150.0144580110484,153.3322951881661,3505900
2021-07-16,148.2769775390625,152.26023234749104,148.11061608266147,151.55785334783303,2284100
2021-07-19,146.9276580810547,147.50990203940722,144.681884130862,146.68737386272568,2772000
2021-07-20,148.71133422851562,149.54309912875613,145.94800257654,147.2603499601703,2831100
2021-07-21,152.3433837890625,152.3433837890625,148.5911769218428,149.06250845915952,2076000
2021-07-22,149.73719787597656,150.67062426368003,148.6374100328526,149.95899434718564,3250900
2021-07-23,151.1511993408203,151.41920809766447,149.413718524548,150.855451924428,2178700
2021-07-26,151.47463989257812,151.88128549261373,149.0440313138385,149.0440313138385,1733600
2021-07-27,150.26394653320312,151.33600958866492,147.4451661296228,151.11419906277297,4077700
2021-07-28,151.6040496826172,152.16780588002726,150.49502502761754,150.93864617122827,3632400
2021-07-29,153.91448974609375,154.4874967384248,152.0661110268554,152.28792154988778,3164400
2021-07-30,154.72781372070312,155.4486804459771,152.62066266190018,153.02730832272417,2678800
2021-08-02,154.9126434326172,158.34139277004627,154.68159605171803,155.85532069524936,2822000
2021-08-03,155.8922882080078,156.2065233759304,153.03654585216114,155.605791700737,3271200
2021-08-04,159.49661254882812,161.96419661963628,155.81834258842613,155.9477285437565,10201100
2021-08-05,157.04750061035156,160.59639868347708,156.03090071448636,160.40231270133287,3468300
2021-08-06,158.1565704345703,158.8589494523971,155.6057981185402,156.03093153854994,3164200
2021-08-09,158.3228759765625,159.45038811659722,156.54843410913332,158.09182863806373,2580800
2021-08-10,158.0364227294922,158.62790351363896,156.18804351628174,158.3229192512175,1943800
2021-08-11,157.537353515625,159.0437728604137,155.89228317809165,158.99756056350319,1946400
2021-08-12,155.79989624023438,156.84423507984113,153.93302915851703,156.65014904428008,2562100
2021-08-13,157.1861572265625,157.82385025968776,155.62427466183846,156.51150281705907,2040700
2021-08-16,158.10113525390625,158.5539791716083,156.6224261257797,156.77029985899543,2163200
2021-08-17,153.6927032470703,157.24158723263213,153.10122258281,157.24158723263213,4593000
2021-08-18,153.2121124267578,155.3007753234573,149.0624970842505,152.3988212695956,5452700
2021-08-19,154.14556884765625,154.3119302997119,151.1512037307886,152.60217399131733,3451100
2021-08-20,154.00697326660156,155.43021922025545,152.5560027497088,154.2195329521049,2913000
2021-08-23,156.770263671875,159.6999425876319,153.4709005084126,157.33401981036525,13465500
2021-08-24,153.27684020996094,157.44492994123675,152.26022607939942,156.9643474338792,8137000
2021-08-25,151.56704711914062,155.1991043451651,150.71679464461587,153.5170871309124,19156400
2021-08-26,155.3258514404297,156.36531244994114,151.91974730385388,153.13554848353476,7306300
2021-08-27,154.5091094970703,157.59966470336627,154.2214025775977,155.27015349453336,9136200
2021-08-30,154.97315979003906,156.17040919402692,154.6668870160327,154.96388394655756,4901600
2021-08-31,151.23292541503906,154.54622803244388,149.73869340041188,154.20282359770414,9136300
2021-09-01,149.52528381347656,152.39309200449716,149.46031041031614,151.99401822484143,6513600
2021-09-02,150.92669677734375,151.22369376319463,149.6273703682354,150.4719396149537,4514700
2021-09-03,150.75962829589844,151.74340590933326,150.10996517019564,150.83387753334932,2385600
2021-09-07,151.5299835205078,151.96618904120416,150.4905081155136,150.96384534438687,5132100
2021-09-08,151.9011993408203,153.75738802585985,150.72251556057336,151.93833104501473,4620100
2021-09-09,156.6715850830078,157.89667626716442,151.52994926735428,151.52994926735428,7601800
2021-09-10,157.72032165527344,159.7157184072966,157.35836550429644,157.4047730439792,4280800
2021-09-13,160.38397216796875,160.69024498340184,158.05446059564417,159.25169599997798,7431700
2021-09-14,160.9965057373047,161.58120962856256,159.20527652577223,161.06146496878114,5335200
2021-09-15,161.5626983642578,161.91537881929574,159.70650929411917,161.43276569581207,4498500
2021-09-16,160.75521850585938,161.9153363705522,160.03129192962362,160.03129192962362,4582700
2021-09-17,159.18675231933594,160.57889389192883,158.04518603346037,159.07537136364294,13056400
2021-09-20,157.2934112548828,158.48137077502207,155.01958314969102,157.86883932609635,10189700
2021-09-21,158.3050537109375,159.29810726147264,156.14259226300788,158.53707728910683,4011300
2021-09-22,161.3491973876953,161.7297052823836,158.9175807269542,159.63221729287238,3484500
2021-09-23,164.48611450195312,165.00584493565054,161.6275829550251,161.95242155688211,3391900
2021-09-24,165.69268798828125,165.98039497928784,163.19611184836515,163.85506508711924,2393300
2021-09-27,164.18914794921875,165.32142400358387,162.97334681582512,164.52326242692638,4497200
2021-09-28,158.97325134277344,162.305120326673,158.87116041298944,159.8920697108295,5494000
2021-09-29,156.69944763183594,159.47445485380553,156.03121856274356,158.27720520435003,3498400
2021-09-30,155.43722534179688,158.94542057130434,155.32585856041402,158.11014138774345,4820600
2021-10-01,155.3351593017578,156.73659094621917,152.91283228727247,155.76208896814398,3549200
2021-10-04,152.4487762451172,155.6414231464342,151.88263811248137,154.7504604809853,5377500
2021-10-05,153.47897338867188,154.741182396641,152.17037098786645,153.35833074106122,2899100
2021-10-06,154.1100311279297,154.31421296681935,151.40927384573752,152.00325351480043,2754000
2021-10-07,154.97315979003906,157.11705504649046,154.7504262537385,155.39079933219568,2174100
2021-10-08,156.49526977539062,156.80154262008728,154.6947644128932,156.36533712869476,3145900
2021-10-11,155.82705688476562,159.20532021157052,155.73425593410704,156.03123880245147,1964800
2021-10-12,152.22604370117188,157.3769703265309,152.04042765806628,156.39317839103825,3018000
2021-10-13,152.5323486328125,154.72265239005765,151.80843599929582,154.02658146078397,3416600
2021-10-14,156.10546875,156.4767149915054,154.18432078599548,154.54627702046565,5043100
2021-10-15,159.66932678222656,159.7250243323531,157.5161555099447,157.80386245842428,2887000
2021-10-18,160.86659240722656,161.1728652364489,157.5161712992795,158.12871695772424,2541500
2021-10-19,163.92929077148438,164.04065754900122,160.14266455837353,161.24709897406348,3336700
2021-10-20,164.1984405517578,165.07085145268016,163.2703462591332,164.18916470700577,3025800
2021-10-21,165.95252990722656,166.17527762450203,163.47451996911366,163.95713294241335,2744000
2021-10-22,165.59059143066406,167.7716188073057,164.9037965167949,166.35163559156737,3074300
2021-10-25,167.5395965576172,168.07789298171275,165.59059275180897,165.73909124706208,2498200
2021-10-26,166.9456024169922,169.27511394485796,166.72285469322063,168.88531604945382,2209200
2021-10-27,158.2029571533203,162.41649895217793,157.77602755354428,161.59049560968495,6263900
2021-10-28,160.05914306640625,161.81324065962428,159.19600803650187,159.87351288425418,2781100
2021-10-29,161.01504516601562,161.3584354399153,158.32356386834164,159.07531779854986,3137400
2021-11-01,162.40721130371094,162.64851070072797,160.4767736427932,160.7273488837592,2180700
2021-11-02,165.14512634277344,165.43283335231322,162.13809526949888,162.40725058665348,2405800
2021-11-03,165.94326782226562,166.37947328710197,163.2239440912307,164.66249312452527,1997700
2021-11-04,167.73448181152344,167.94795370061078,163.57662323994765,166.12888260964897,5252700
2021-11-05,170.93638610839844,172.7183394674381,169.0987635237815,170.53731239260938,3415700
2021-11-08,171.1962890625,172.56986472747366,170.17537961864375,170.27747056302937,2582300
2021-11-09,171.69744873046875,172.5234521065461,169.6742099159674,171.06635139216039,2508500
2021-11-10,167.85513305664062,172.16148997527262,167.09408894489866,169.84125426132013,2735500
2021-11-11,169.93408203125,170.1846573107009,167.45605764168968,170.05472466749066,1703300
2021-11-12,171.50254821777344,172.34711747265513,168.49553159574452,170.37028614266097,1847600
2021-11-15,171.7531280517578,172.36567368554347,170.5280509457816,172.36567368554347,1337200
2021-11-16,174.17547607421875,174.34254043190418,171.2334184964625,171.3076677485897,2126300
2021-11-17,173.59075927734375,174.57455117436174,172.19861776610193,174.50957777293783,2242300
2021-11-18,174.56527709960938,175.12213941956767,172.61628730294953,174.57456710728684,2091800
2021-11-19,175.2241973876953,176.337907656364,174.22185389741517,174.56524423850945,3299800
2021-11-22,172.1614990234375,178.14770464772846,172.0315663830912,176.3379235280492,5228600
2021-11-23,169.33079528808594,174.48172127506774,167.2704248932932,172.85755631639026,4976400
2021-11-24,169.349365234375,169.38648277465515,166.75069840532203,168.4027050988896,2914800
2021-11-26,165.20079040527344,167.4375011348244,164.06851419203997,166.12888473339294,2539100
2021-11-29,170.02684020996094,170.481611427625,165.61839313326428,167.5581064482286,4374800
2021-11-30,167.2889862060547,171.01063899795722,166.0453433273554,169.4792891716657,4561800
2021-12-01,167.8365478515625,174.6673215722097,167.66020769178164,169.17300573454028,4831300
2021-12-02,168.2837677001953,170.053895158893,165.83352621879393,167.69682426619613,3795600
2021-12-03,168.43284606933594,171.37686083876085,166.49502831855906,170.46384863866663,2958600
2021-12-06,168.68438720703125,170.18434285721406,164.14726054669228,169.85827419507535,3938200
2021-12-07,173.88299560546875,174.86123004948718,171.04146287411533,171.11599651150925,4850000
2021-12-08,173.52894592285156,173.7711837725735,171.7308700904438,173.0631214005694,3167800
2021-12-09,171.1252899169922,174.83326335485273,170.93896295099069,172.28985122429697,3457800
2021-12-10,170.89239501953125,173.75256470448875,168.74961336903615,173.6687196936442,2570800
2021-12-13,166.27139282226562,172.03830222141482,166.03848057975287,170.91100071268568,4457700
2021-12-14,164.23110961914062,166.05714819248092,161.72497115255567,164.85531283839777,3770900
2021-12-15,167.25894165039062,167.3986833122331,162.23735417454415,165.47017729963014,3598700
2021-12-16,160.80262756347656,168.44214673301252,160.39269971752947,167.83656633665032,4817300
2021-12-17,158.48281860351562,160.63492560921566,157.48594730811763,159.42377901526748,7659800
2021-12-20,156.81517028808594,157.5604781334043,154.97982057652584,155.43631949940797,4087400
2021-12-21,160.3181610107422,160.56038463211195,157.3834581425016,158.49212272278123,3018100
2021-12-22,160.51380920410156,160.82125509771737,159.29335121831045,159.9175543783778,2025500
2021-12-23,160.85850524902344,162.51683918224353,160.77466025838334,160.9889355286306,2026200
2021-12-27,163.4764862060547,163.53238288350164,161.18462291985975,161.18462291985975,2134900
2021-12-28,162.46095275878906,164.70621598380257,162.13486993130692,164.36151041222755,1634800
2021-12-29,163.52304077148438,164.48263812951592,162.60070311946745,162.60070311946745,1685500
2021-12-30,162.83360290527344,164.86460501551156,162.54479400431103,163.9702157654599,1638600
2021-12-31,163.75596618652344,164.585133316379,162.6473014836727,162.80568012467464,1917200
2022-01-03,165.04164123535156,165.46089472551978,162.80568896169774,163.19697989879526,2667500
2022-01-04,163.55099487304688,167.24964276826663,162.21872932870295,165.53539769858023,3889300
2022-01-05,161.0261993408203,165.06955232769144,160.92371738881047,163.33669894689066,3655200
2022-01-06,161.5386199951172,163.00131575282688,160.2808881552501,161.26844803932596,3584400
2022-01-07,157.2996368408203,161.8833488878391,154.65375670418825,161.26847126160607,6747500
2022-01-10,158.75296020507812,159.06040603506364,154.07609315893546,156.6194905686638,6017100
2022-01-11,161.76222229003906,162.13487620801502,156.94559861022938,157.2344075290361,3789300
2022-01-12,161.8740234375,163.4019273203054,160.2156892555223,163.4019273203054,1993400
2022-01-13,158.1753692626953,164.22177651195327,157.67228504754894,163.60688474779093,3954000
2022-01-14,160.24363708496094,160.35543042223165,156.6008858766358,156.8990203971395,2869600
2022-01-18,155.11956787109375,158.49213290576998,154.81212197662003,157.159881578887,4160300
2022-01-19,151.9146728515625,157.2530172611235,151.83082785933146,155.6785425045029,3736600
2022-01-20,147.78750610351562,153.49850560606313,147.7595577668708,152.62276736479606,4021300
2022-01-21,148.6166534423828,151.56065349779954,146.23163426115806,147.96450198124097,5547500
2022-01-24,150.4054412841797,150.6663019093179,141.11689810698348,148.14152645392716,6665200
2022-01-25,145.12295532226562,148.68184678170928,144.79687251601382,146.6322220139624,4064200
2022-01-26,148.8495635986328,153.8152544374429,146.58564915330817,148.13218989355713,5850000
2022-01-27,144.02359008789062,152.55749683404056,143.51118038512877,151.4861063594019,4691100
2022-01-28,147.78750610351562,147.8620397398477,140.84670870940806,143.5857594273013,3839700
2022-01-31,152.7624969482422,153.0047205852575,146.46455444331605,147.49868546477734,4504800
2022-02-01,154.06680297851562,154.1879219073293,150.04208636688568,152.88361888870773,3038000
2022-02-02,157.3648223876953,157.84926959038273,153.62890112276637,154.12267391278175,2824500
2022-02-03,150.94580078125,156.1630275442084,150.52656150270195,154.31836618909426,4452100
2022-02-04,150.0234375,151.28116933773651,146.05461787327582,149.20358183001852,5174400
2022-02-07,149.8278350830078,152.0917358745671,149.34337350591272,150.07005876363587,2443300
2022-02-08,151.97988891601562,152.49228443602192,149.43647719516326,149.9302499726546,3173200
2022-02-09,156.71267700195312,156.83378169935585,152.30596720865864,154.0761087529582,3207900
2022-02-10,150.6197052001953,156.82449149066628,150.0234503570647,152.62275925359242,3462600
2022-02-11,143.38076782226562,152.119639528647,142.61682307494775,150.88987030599256,5455500
2022-02-14,143.45533752441406,146.3527670583683,141.16348849020676,144.33109003283934,4501500
2022-02-15,150.9644012451172,151.24389879483846,146.36206701849525,146.52044564630893,4909600
2022-02-16,156.8338165283203,157.34622641061745,150.52656193662008,150.8246822762415,5825200
2022-02-17,149.46444702148438,154.90528815934323,149.37129064800956,154.77485786380967,4702700
2022-02-18,149.39923095703125,151.57928615778286,147.73158553829438,150.09796769182358,3921600
2022-02-22,149.88369750976562,151.7469955326485,147.47071576609713,148.03902223170985,4269500
2022-02-23,145.7937469482422,152.32460086455092,145.49561246545716,150.99234971117104,5087000
2022-02-24,149.59471130371094,149.791318694992,142.32983748968064,144.4830905529638,4152200
2022-02-25,151.7760467529297,151.83221621093887,147.60997862309418,149.6789774661162,2741600
2022-02-28,150.0628204345703,151.03647207886502,147.20743463586433,151.03647207886502,3606900
2022-03-01,146.93589782714844,150.4934439947987,145.6252296899563,149.351284210155,3761800
2022-03-02,149.62283325195312,151.22372021616394,147.0857361171867,147.42276720731775,2578700
2022-03-03,149.1172332763672,151.3828249027648,146.95462373686087,151.15814710242825,2656100
2022-03-04,146.84228515625,149.107876787578,145.81246428509584,147.61931493105317,2778600
2022-03-07,136.94671630859375,147.30103925547667,136.88119003290166,147.00146403691573,5701300
2022-03-08,139.04379272460938,143.03198136032907,134.67176041416096,136.70330341803873,4745200
2022-03-09,143.81837463378906,145.16649868778185,141.6464081019658,143.3221920701962,3046300
2022-03-10,140.95362854003906,142.1051453021053,138.41654608055572,141.22513330476548,4035700
2022-03-11,138.18246459960938,143.9681460618993,137.89223198855257,143.4251509455494,3964300
2022-03-14,136.33819580078125,139.343376250191,134.63431262692663,138.10760525082281,3910500
2022-03-15,141.29063415527344,141.79618776438406,137.06839726394824,137.92033866378264,3309900
2022-03-16,148.4525604248047,148.6210687955132,142.79793034303887,143.32219765441576,4376200
2022-03-17,149.7725830078125,149.83812356324273,145.82183603943994,146.8610138303666,4272400
2022-03-18,153.02114868164062,153.47988961051334,147.06694484448724,148.443153345896,9901900
2022-03-21,153.74205017089844,154.22887590681063,151.16751214369577,151.4764584211855,3258900
2022-03-22,154.25697326660156,155.86723105285367,152.9931033265644,153.33949117277933,2568300
2022-03-23,148.98617553710938,153.82630534532353,148.65850134471629,152.95565024557754,3409900
2022-03-24,154.43482971191406,154.5284406991207,149.66022652283726,150.55898056832865,3152200
2022-03-25,155.06211853027344,155.333609033091,152.4688521041232,154.52848005496415,2236300
2022-03-28,156.58807373046875,156.7659531833027,152.92755972537367,153.7045895163672,2745200
2022-03-29,159.32176208496094,160.61371659828856,157.0280856970416,158.26387075939175,3127700
2022-03-30,155.85784912109375,159.1532618366292,155.2025150176324,158.01110199121996,2689100
2022-03-31,154.6407928466797,157.2247020205866,154.54718185145293,156.30723427017654,3881500
2022-04-01,154.8092803955078,156.47570715597422,152.45943495546356,155.87654263856166,2941000
2022-04-04,154.00416564941406,155.36164631937294,151.40154320253257,154.63141494421683,4159600
2022-04-05,149.7725830078125,153.0773526622019,145.924818137107,152.14115696894228,7223600
2022-04-06,150.05345153808594,153.7982344849515,147.23550751324638,147.37593115966854,6036000
2022-04-07,150.96156311035156,152.51565146756667,148.98618952708043,149.1078995445772,3161800
2022-04-08,148.6117401123047,150.7368944885411,148.2934226542452,150.22199817932352,3025000
2022-04-11,145.00735473632812,148.00317818818058,144.82011844906478,147.60997769936367,3693700
2022-04-12,145.57843017578125,149.37938240148918,145.1009755153089,147.29167000718797,2580000
2022-04-13,148.03126525878906,148.81768053407663,145.30694652280218,146.72059694199856,2335200
2022-04-14,146.51461791992188,149.6602358473108,146.3180105496799,148.2652991985599,5228700
2022-04-18,150.10960388183594,150.96154533356452,146.2056698190631,146.30865190976888,2728500
2022-04-19,151.96328735351562,152.41265727331105,148.4899951473567,150.10960964958662,2674700
2022-04-20,151.08323669433594,154.99652708786542,150.29682160543257,153.96672059308864,2582400
2022-04-21,148.58358764648438,154.1726613966957,147.8907978638549,152.1317621521093,3555000
2022-04-22,145.34434509277344,149.44488577680264,145.26944774178557,147.90015469744483,2640400
2022-04-25,148.78024291992188,148.99556396578188,143.94946890053018,144.35204054475363,4487500
2022-04-26,143.06007385253906,147.2823259332551,142.99454757671,146.91719586781127,3661200
2022-04-27,142.0396270751953,145.79376706822106,140.12977965481858,140.42936916594203,3077300
2022-04-28,150.2125701904297,151.9164529148681,143.92133507516658,144.29582185893827,4156000
2022-04-29,144.5299072265625,149.5291891989356,144.39884039045882,147.95637288047746,4835800
2022-05-02,148.05935668945312,148.42447247174283,143.04134674414027,145.42864883690245,2865900
2022-05-03,148.73338317871094,149.51979830128562,146.523961098585,147.80655872224975,2441900
2022-05-04,154.25697326660156,154.39739691095545,144.4175470760986,148.555530457212,3940400
2022-05-05,148.1436004638672,152.9462742938927,146.52397175140632,151.68241877450137,3961500
2022-05-06,146.16824340820312,148.63979955574362,144.50181615718336,146.5614438992649,2710400
2022-05-09,142.53578186035156,146.07460012923994,142.0957687801004,144.36136044585567,4123100
2022-05-10,145.31629943847656,148.39637704289862,142.91026960373748,145.9903614933724,3157800
2022-05-11,142.29238891601562,147.27294258826538,142.0676968063965,143.64049871809243,3861700
2022-05-12,143.1349639892578,143.87455232736878,140.40127418332415,141.402996181921,3117700
2022-05-13,148.6117401123047,149.51048016330114,144.06182753414043,145.14780390532653,4783200
2022-05-16,147.39466857910156,149.02364012349685,145.6533438251101,147.19806117621894,2328400
2022-05-17,153.38629150390625,153.89184515342637,150.37174037523607,150.71814247885897,4952200
2022-05-18,149.7164306640625,155.71744917220894,149.07982437678552,155.71744917220894,5684400
2022-05-19,150.6713409423828,153.69524910768598,148.9300163377846,150.58708675632474,3812600
2022-05-20,152.07565307617188,154.62210687935757,146.72061177993268,153.1616436686041,3977400
2022-05-23,151.24241638183594,153.0679951179432,149.67897129577418,151.30794265174106,2291100
2022-05-24,151.5232696533203,152.83393783182092,148.67722691541653,149.67896310450834,3172000
2022-05-25,151.96328735351562,152.82458565196194,149.17341398363902,150.2313196574277,2500300
2022-05-26,153.5360870361328,155.3054962482505,151.111343724196,152.00072673717997,3820100
2022-05-27,157.58987426757812,158.16361295893913,154.41079617265456,155.65233472512867,4942300
2022-05-31,158.3893585205078,159.50862057611118,153.86529405849137,156.97852689110286,5102500
2022-06-01,154.97515869140625,159.24526952306536,153.61135762732238,159.12299285363463,3283600
2022-06-02,159.17942810058594,159.33932062264068,153.94993370341948,154.7305955593721,2637700
2022-06-03,155.41722106933594,157.05377661233084,155.01277519662355,156.68696095424008,2539100
2022-06-06,155.44541931152344,158.7937904553355,154.7776194174233,157.40177405490448,2273800
2022-06-07,157.02554321289062,157.39235882913306,153.15986432554183,154.0063718372922,2108000
2022-06-08,155.20086669921875,157.97551348757167,154.18506628835644,156.0003436300527,2928800
2022-06-09,152.0030059814453,157.1008094031529,151.90894479529683,154.24153017593656,3144800
2022-06-10,147.59182739257812,150.6580302486071,147.48836581160992,148.9368279451647,3369800
2022-06-13,138.9857177734375,145.24979872244748,138.57187157073892,144.12113639345506,5861600
2022-06-14,138.4213409423828,141.2147876821069,137.36792497514168,140.34007928467622,2765000
2022-06-15,141.1584014892578,143.4063258581744,138.00753861091212,140.30249356864536,3263200
2022-06-16,134.9319610595703,137.6595634937029,133.26717549990335,137.6595634937029,4722800
2022-06-17,136.03240966796875,136.85068753697854,133.3612238286656,135.45867081625337,6723900
2022-06-21,139.53121948242188,141.35588255107024,138.53421998804222,138.57185019251133,3085600
2022-06-22,138.87283325195312,140.12377216251173,137.18924741095734,138.2144481284274,3720400
2022-06-23,136.8882598876953,140.3401066312866,135.38338169149898,140.16139902665327,2946000
2022-06-24,140.7915496826172,141.13014974268415,138.44956473784424,138.81638027360705,5108900
2022-06-27,141.63807678222656,143.27464652547357,140.6504918397796,142.11776868806336,2048300
2022-06-28,139.6629180908203,144.05530510425953,139.55004181167683,142.4093350213088,2786500
2022-06-29,138.5154266357422,138.74115046774102,136.14522593772338,138.17682653602523,2586600
2022-06-30,137.4055633544922,140.34950267276304,134.7814233801872,136.80360922426016,4158000
2022-07-01,134.41464233398438,136.47445891315238,132.166717731746,135.383412286933,3175000
2022-07-05,134.5651092529297,134.65915607096355,130.266769255808,131.58353952203808,3792500
2022-07-06,136.09820556640625,137.2362825944212,133.58692728497667,135.10122029569484,2708600
2022-07-07,139.73817443847656,140.78217604737674,138.48723536121156,138.92929707843007,2742600
2022-07-08,141.02671813964844,141.59104212502845,137.05757773007937,138.6377021112075,1997900
2022-07-11,138.78822326660156,140.3871630870735,137.56549951504428,139.37136247893622,2684900
2022-07-12,139.24905395507812,141.25242466744282,138.63768510625533,139.63468462640537,2305800
2022-07-13,140.32131958007812,141.05495089712815,136.55910180988434,136.84127101299325,2306900
2022-07-14,144.19642639160156,144.99590355871297,138.4684522043595,139.9074996237804,3794000
2022-07-15,148.579345703125,148.87091520410308,144.21517486024658,144.69485232781844,3736600
2022-07-18,146.02102661132812,149.9149200802282,145.1933343961187,149.3976124457223,2930000
2022-07-19,151.8524932861328,152.36980103653914,147.5071368861597,147.60118370786628,3582000
2022-07-20,153.4231719970703,153.98751016758607,149.32235576624137,150.1594482964197,3126000
2022-07-21,155.3701934814453,155.4172240747709,152.63317655952827,154.60834666542598,2990800
2022-07-22,153.56431579589844,155.8122401630192,152.66137728719067,155.8122401630192,2944900
2022-07-25,153.34799194335938,153.45145350742087,150.74266643769477,153.26334548686964,3085800
2022-07-26,152.16287231445312,154.50485766973486,151.67378006380113,153.82765743089965,3151300
2022-07-27,158.3235321044922,159.54625575839844,153.5549141597743,153.5549141597743,4672500
2022-07-28,159.5838623046875,160.78777078084653,157.35475298350136,158.68093812342877,3880200
2022-07-29,161.7377471923828,162.45256339740172,157.74039083782415,158.38936134347094,4744400
2022-08-01,161.26747131347656,162.1233649503697,159.36754731775537,160.56205548034325,2277100
2022-08-02,160.6184539794922,162.27382429996933,159.52740760040274,160.15757722839777,2179600
2022-08-03,165.87615966796875,166.45929875107169,160.83478796244552,160.83478796244552,2766400
2022-08-04,166.4405059814453,167.37164561342155,164.72869015617405,165.88556800133392,2395100
2022-08-05,166.71324157714844,166.96719524429452,163.75050141674708,164.36185594136356,2495300
2022-08-08,165.4058837890625,167.18353088516508,163.44952907534474,165.74448391935442,2308600
2022-08-09,160.2422332763672,163.55298846758214,158.99129432128143,163.10152641705457,3717700
2022-08-10,164.6722412109375,164.87916429583262,161.04170120103083,163.39308684600357,3213500
2022-08-11,164.17376708984375,167.6820308487251,163.87278280456846,165.68806018979853,2709900
2022-08-12,168.60377502441406,169.07405222008245,164.81334197546448,164.81334197546448,3198300
2022-08-15,169.19631958007812,169.30918150828197,166.8825495898573,167.80430317592297,2798500
2022-08-16,168.3968505859375,169.04583540713173,166.2994183282322,168.66021901702408,3138200
2022-08-17,160.01654052734375,163.6752969319755,157.16666156096665,163.65648182362838,6158600
2022-08-18,160.01654052734375,162.2268349754224,156.0756149043957,157.759201132536,4513300
2022-08-19,158.01315307617188,158.85964636981953,157.09141370170983,158.41758461486148,3396500
2022-08-22,154.10043334960938,156.39538843993643,153.24452537954582,155.3419720778407,3731100
2022-08-23,154.6365509033203,156.40478339962561,153.76182785659967,153.76182785659967,2128300
2022-08-24,153.9217071533203,155.05038380715453,152.59553648298882,154.0721992873942,3253100
2022-08-25,157.13839721679688,157.3076900841165,154.42018179883,154.52364333498693,2981700
2022-08-26,149.23776245117188,157.52404428149552,149.0872703052542,156.92209004954583,4238300
2022-08-29,146.66714477539062,149.1810640748053,145.70315797245834,148.20763165193614,3353300
2022-08-30,144.3422393798828,147.67837467134797,143.19869926895353,147.55552392851703,3670100
2022-08-31,143.20816040039062,145.0321747084125,142.083511407593,145.0321747084125,3535300
2022-09-01,142.4142608642578,142.745030567977,138.49216598833544,140.8076260183294,3783900
2022-09-02,140.4674072265625,144.8336772540874,139.730245128949,143.33100177978247,2787500
2022-09-06,140.08937072753906,141.82833095245894,138.4827357037094,140.4485061686845,2480300
2022-09-07,142.42372131347656,143.47276192918935,140.07992418334825,141.3652350780883,2496600
2022-09-08,143.77520751953125,144.44620709564762,140.67534233829704,141.36524757622922,2457600
2022-09-09,145.71258544921875,146.67657213212175,144.1154106311279,144.1154106311279,2620300
2022-09-12,147.1018524169922,147.29088015431336,145.24950172589473,146.9033934819133,3866800
2022-09-13,140.10829162597656,143.84135958109314,139.6830079588257,142.7072649950925,4202100
2022-09-14,141.9984588623047,142.98133702442118,139.86258041300033,141.30855358252688,2272900
2022-09-15,139.74916076660156,142.48044502071468,138.91749906712607,141.4786611962767,3142400
2022-09-16,141.11007690429688,141.27073898376713,137.19744116784676,138.67176558726342,4592400
2022-09-19,141.39361572265625,142.13077799265236,139.74916904762077,139.93819684673474,2398200
2022-09-20,141.55421447753906,142.24411948906211,140.11768748765869,140.53352538637063,2574300
2022-09-21,140.28785705566406,145.54250627353733,140.1933431663893,141.72438453203063,3315600
2022-09-22,137.3581085205078,140.18390671340256,136.28071644797328,139.8625825421264,3355700
2022-09-23,134.1259002685547,136.45080598600927,132.39640022451493,135.91210286800685,4839300
2022-09-26,133.08631896972656,135.8459538759267,132.89729122509996,134.83471024118484,4502400
2022-09-27,134.02197265625,136.02554033496526,132.18851268423515,134.85364878890724,2964300
2022-09-28,136.63986206054688,137.36757873119709,132.2357795489398,133.11471269519464,3307000
2022-09-29,134.19207763671875,135.05209052313808,132.23575273486844,135.05209052313808,3453500
2022-09-30,131.6876220703125,134.79694755659398,131.5931225948072,133.12414965347466,3525900
2022-10-03,137.15960693359375,138.5583227430266,132.16958052407918,133.52103940046004,4708300
2022-10-04,142.56549072265625,143.4160579504205,139.88144941966263,140.10827407676996,4181800
2022-10-05,143.5483856201172,144.55962944532305,140.66588502116002,140.91161536714012,3052000
2022-10-06,142.67889404296875,145.1833531760005,142.44262376925658,143.01912381394598,2286500
2022-10-07,136.96116638183594,140.4674239945591,136.21455857566943,139.56013969337963,4351100
2022-10-10,133.16192626953125,137.49039960210845,131.28122403854596,137.16907547691818,3828700
2022-10-11,131.17727661132812,133.3226150249481,129.4383306223334,131.9900470397836,4735300
2022-10-12,130.97877502441406,132.6326668084494,130.7992073233921,131.39461298029823,2541100
2022-10-13,134.91033935546875,136.03498827458577,126.14943271992163,127.30243292096644,5040500
2022-10-14,129.22093200683594,136.98949963667204,129.00356739629788,136.67762114983418,4970400
2022-10-17,131.4796600341797,133.52103839195996,130.18490371892415,132.35859283577585,5039800
2022-10-18,133.3509521484375,137.23523613860937,131.68760014358742,136.6965329768222,3280300
2022-10-19,133.56832885742188,135.11826146171342,131.6120038348762,133.02962564687923,2465400
2022-10-20,134.2771453857422,138.69067308141513,133.49272621976073,134.61737521170048,3341100
2022-10-21,138.53941345214844,139.3238323737062,133.20915745356496,134.13533274976953,3612400
2022-10-24,136.59255981445312,138.8135059984281,134.5606413726997,137.01784339286755,3334500
2022-10-25,138.33151245117188,139.4089043007598,136.4791616182347,137.09345854919195,3644800
2022-10-26,133.61557006835938,137.65105596836557,132.82169098731518,134.92923221596286,6726400
2022-10-27,132.95401000976562,135.47738938479398,132.34915864718656,134.6646190143789,4666400
2022-10-28,136.92337036132812,137.97241108158073,133.3982070639778,133.7289912558969,3482000
2022-10-31,134.78746032714844,135.97827172884882,132.878406909934,135.91210913062412,3078300
2022-11-01,136.75323486328125,137.89678936098323,135.4490327268398,137.1407215825747,2322800
2022-11-02,133.4832763671875,139.69245246809345,133.27535734564898,137.45261459700433,3327700
2022-11-03,130.44009399414062,133.26587717875438,130.22271496394512,131.74429607134974,3706400
2022-11-04,136.36573791503906,137.41477845395275,133.36038710781156,134.50394151973424,5004300
2022-11-07,140.7509307861328,140.99666111800005,135.97828244614166,137.8022821700791,3981600
2022-11-08,142.74502563476562,147.05460703999688,141.79049903136365,142.83953950158585,4968300
2022-11-09,140.08937072753906,142.55603303369412,139.4845193860693,140.94939800986444,3696300
2022-11-10,151.56265258789062,151.9312336429663,146.01503110178413,147.34759892428593,5617300
2022-11-11,155.0500030517578,155.8344220957239,150.56086782406274,150.64592166212344,3211500
2022-11-14,152.4037628173828,157.6489654562803,152.01629055206,154.16161412282975,4269700
2022-11-15,156.09906005859375,158.64133079367804,153.63239754999756,158.26330408203202,4158100
2022-11-16,152.41326904296875,153.20713389353165,151.4303763911129,152.99921484874662,3859000
2022-11-17,152.60226440429688,152.81018342453098,149.40788529415022,149.7481151071883,2835400
2022-11-18,152.96136474609375,154.87987801149058,152.12968885618284,154.57744517123515,4016500
2022-11-21,150.49473571777344,153.1126002629463,150.40966744983479,152.30928989415116,6276300
2022-11-22,159.18002319335938,159.57696999663435,153.77417187425465,156.10850922390702,5739900
2022-11-23,159.90771484375,163.78255301563934,158.49009323268697,160.04948565733196,3851800
2022-11-25,157.9136199951172,160.1912692310151,157.80966048250124,159.75652551804063,1698600
2022-11-28,155.0027618408203,158.11208705283678,153.61349132835247,155.83443790836424,3910900
2022-11-29,154.8893280029297,155.9478141321248,153.49061212923732,155.71154387680144,2685800
2022-11-30,162.4689178466797,162.73353943763823,153.76471336592286,155.52256503203034,5396300
2022-12-01,162.06246948242188,163.6974698303431,160.43692917285233,163.6974698303431,3222200
2022-12-02,160.0785369873047,160.23041215066158,156.8604492984625,158.72104679328297,3055200
2022-12-05,159.32852172851562,160.33476486323647,158.32227859379475,159.3475115475635,2615800
2022-12-06,158.06600952148438,159.9076313729729,156.91737864544743,159.24313237629966,3572100
2022-12-07,157.5913848876953,159.93612873399954,156.642096350244,157.8571845193822,1881600
2022-12-08,161.04676818847656,161.1891701367502,157.50592657993798,158.59761691007117,2836300
2022-12-09,160.12594604492188,161.72075794655098,159.38550231791234,159.92660361033708,2514900
2022-12-12,163.52439880371094,163.60034360658793,159.23362607858618,160.59110140691357,2966800
2022-12-13,166.5906219482422,170.8244399841887,164.872397824112,168.982818221247,4778100
2022-12-14,162.9738311767578,167.88166512071868,161.48345586958155,166.95135202745783,3202500
2022-12-15,157.6673126220703,161.16070159350008,157.09774825232086,160.63859005748574,3985000
2022-12-16,158.3603057861328,158.76849286581668,155.74976255515526,156.89839346518974,7411900
2022-12-19,156.76547241210938,158.99630575563947,155.4459622281676,158.9488384426939,2621800
2022-12-20,155.99655151367188,157.4014941728244,155.26559545077234,155.41748505851592,2102300
2022-12-21,158.9203643798828,159.328551413041,156.84142059893907,156.9933102096451,2181400
2022-12-22,155.44593811035156,156.4711710739497,152.89235061097122,156.4711710739497,2972000
2022-12-23,155.5314178466797,155.797217456743,153.07276421109805,154.4492295814242,1498300
2022-12-27,153.97457885742188,155.3985114877032,152.9778231192266,155.27511384287322,1932000
2022-12-28,152.1519317626953,155.2750984674501,151.94308717213463,153.31006467944454,1499900
2022-12-29,155.664306640625,156.42374025208318,153.3100754815968,154.33530868431666,2148900
2022-12-30,155.7117462158203,155.8351583201303,152.60756966770495,154.12643662002142,1619400
2023-01-03,154.21189880371094,157.77173032958143,153.25312272734013,157.17368848302945,4475700
2023-01-04,157.4964599609375,159.09125770281878,155.45548097615728,156.99333821010637,3477900
2023-01-05,151.59188842773438,157.23066464159612,151.48746610951494,156.1294864649174,4750300
2023-01-06,157.126220703125,158.29384138437553,151.81968751558895,153.55688703329864,3483400
2023-01-09,158.6260986328125,161.29359673937347,157.2780963478325,158.90138589749674,3734100
2023-01-10,160.6385955810547,161.14171730987965,158.05652979142835,158.05652979142835,2351900
2023-01-11,161.17967224121094,161.50244130816466,158.8254410477935,159.21465277103752,3068900
2023-01-12,160.11647033691406,161.98656961623254,158.68305008857487,161.39801545207854,2478100
2023-01-13,160.41073608398438,160.83791293052346,157.9805603050161,159.00579342770402,1891200
2023-01-17,158.4457244873047,160.59111097772652,157.62933591395992,159.39501285235715,3320200
2023-01-18,157.58187866210938,160.79047817608947,157.48694402554509,159.98357722026867,2627700
2023-01-19,154.85743713378906,157.24014604639976,153.87967114078594,157.16420122844895,3082500
2023-01-20,156.79396057128906,156.86041771093272,152.87339491206703,155.51242994450325,3841900
2023-01-23,161.05628967285156,161.61636640897188,157.22115603824673,158.09449971617832,3521900
2023-01-24,160.2968292236328,161.4074948401287,158.8728967176139,159.3950082001523,2407100
2023-01-25,159.9076385498047,160.17343816040335,155.88266474074334,158.17043892589678,2739800
2023-01-26,162.08151245117188,162.28085491073531,158.39826869170415,161.32207880690126,3539900
2023-01-27,162.16693115234375,163.30607427944543,159.8601529213464,160.49618886492735,2453400
2023-01-30,160.36329650878906,162.47071810022166,159.80321978011816,160.52468829772124,3135600
2023-01-31,162.7744903564453,162.8219576755577,160.33481210699108,160.3632896014601,2549400
2023-02-01,167.63485717773438,169.4574894078003,162.54667010359455,162.64160475010573,4200300
2023-02-02,170.2073974609375,170.91936369586753,167.25511022736137,168.84041997227342,4206200
2023-02-03,169.75177001953125,172.14396651869018,167.2836142200902,167.9576009176734,4005700
2023-02-06,168.54615783691406,170.2264023559257,167.42598999590916,168.0145586520269,2916600
2023-02-07,171.84019470214844,172.63759350253162,168.03353884854812,169.3435615098861,3531600
2023-02-08,168.74551391601562,170.7485131754648,168.40376948599138,169.59038007843773,3520600
2023-02-09,169.46694946289062,172.9888009046255,168.32780641272012,171.5838582922482,2983300
2023-02-10,169.4099884033203,169.9415875086558,167.14119005269905,168.15692095361018,4003300
2023-02-13,171.2991180419922,172.41928607686572,169.87518519960656,170.28338681328728,3975500
2023-02-14,173.2830810546875,173.84317216398426,169.476440161107,169.9890639580918,3784200
2023-02-15,186.23141479492188,186.4497615835929,181.40904186285772,184.48472739551335,7456000
2023-02-16,184.0005645751953,186.34530798342647,183.1746883371107,184.6935410222664,4481700
2023-02-17,182.93739318847656,184.54167858590776,181.6558479196189,183.29811296864204,3774900
2023-02-21,176.53915405273438,181.4849382010601,176.07399755073644,180.96284120115308,5117800
2023-02-22,174.44122314453125,177.2131434068148,173.5678795949069,177.2131434068148,3512600
2023-02-23,176.2353973388672,177.96310929409722,173.85268851164656,177.4979527326909,4501800
2023-02-24,174.47103881835938,175.35797872254457,173.2026076496829,174.79529547887415,3177900
2023-02-27,174.69036865234375,177.2939825892902,174.47102029380304,176.9888041625034,2769500
2023-02-28,174.97650146484375,176.94113417553552,174.0895470110205,174.52825832571656,2644400
2023-03-01,174.63314819335938,176.94111552150318,174.24212514685016,175.3484278651875,2600300
2023-03-02,176.04461669921875,176.73128629906873,170.9232192733719,172.7448015327629,2906400
2023-03-03,177.6278076171875,178.15234901996067,174.47104192832174,176.73132132015772,3112400
2023-03-06,176.93161010742188,179.83087107359398,176.521508800445,178.6482844865258,2664100
2023-03-07,176.37843322753906,178.28584569535732,175.01462574579983,177.41796952992348,2415100
2023-03-08,177.93299865722656,178.7722503399348,176.6264110771264,177.7422457474983,3182000
2023-03-09,175.06234741210938,180.05022789367254,174.89068724236463,178.45753992506343,3627300
2023-03-10,173.34564208984375,176.9888069358886,172.93555538908504,176.1781508055669,3166800
2023-03-13,174.0990753173828,175.76806122103704,170.78971353280195,171.48591500651082,3310200
2023-03-14,177.9425506591797,179.32542209709442,175.47245445358794,176.3975508715348,4147400
2023-03-15,174.4615020751953,176.9220662955215,171.99140602988194,175.7013232865479,3972700
2023-03-16,177.99020385742188,178.63871712869278,171.85786504192623,172.92602594814102,3753500
2023-03-17,177.24630737304688,180.05973782053607,175.93018812848226,178.71500855347242,6216500
2023-03-20,178.40028381347656,178.8389950792794,176.55009141177237,177.48473398839542,3033500
2023-03-21,179.67825317382812,181.12789076056072,177.38936397574727,180.1360426553664,3232700
2023-03-22,177.9711456298828,182.63476917984642,177.723187213465,180.1169849544502,3481000
2023-03-23,180.67965698242188,183.62660597899296,178.40029949038743,180.22188202965438,2658300
2023-03-24,179.0011444091797,180.6510522946525,177.0651217126228,180.34587383459223,3401800
2023-03-27,176.21632385253906,179.6401261076622,175.93974086563497,179.53521782856131,3616900
2023-03-28,175.10049438476562,175.48197110969457,172.50641190851692,175.21493449176344,3319900
2023-03-29,180.41262817382812,181.4903210042493,177.4275226466779,177.4275226466779,3577800
2023-03-30,185.21929931640625,186.09670733006993,182.05298754533916,182.39632238132955,4367100
2023-03-31,188.08995056152344,188.4142071987262,184.30373552902472,184.5612402949929,3873000
2023-04-03,187.1934814453125,188.59543094573863,185.26699054125686,187.37468798042124,3120700
2023-04-04,186.08717346191406,189.07227891568752,184.81874230348004,188.4142192231071,3633600
2023-04-05,181.5570526123047,185.50539587164351,180.29816794025584,185.36234575632056,3368300
2023-04-06,178.5052032470703,181.01345542818896,178.17141477945418,180.0025290965694,3010100
2023-04-10,182.1102294921875,182.3582024633576,176.44521129330343,177.0365191417515,2573500
2023-04-11,180.64151000976562,183.41679877748632,180.31725336710215,183.3214223285133,2336400
2023-04-12,178.61965942382812,181.9671780921235,178.36216918196257,181.9671780921235,2085400
2023-04-13,180.3458709716797,181.29957729188445,177.54197206189315,178.62919668483042,2020200
2023-04-14,179.78317260742188,182.2342048276557,178.38122315701642,179.4207741025386,1988100
2023-04-17,180.7941131591797,181.15651166332444,178.72455764906275,178.97253060455512,2095000
2023-04-18,180.8036346435547,183.0734602007112,179.7164100884903,182.08159754027196,1745500
2023-04-19,179.82131958007812,180.27909451363345,178.8771451367427,179.19186995118784,1556000
2023-04-20,178.32400512695312,180.46031254044485,174.62363447010978,176.97929026435887,2807800
2023-04-21,177.71365356445312,178.5338416804607,176.09235553580703,177.62782347790014,1975300
2023-04-24,178.304931640625,178.7150183538678,177.11279879645,177.71362385428023,1782000
2023-04-25,172.7543487548828,177.5228799831311,172.6875968849366,177.51334815953948,3474800
2023-04-26,172.2965850830078,174.0323229961886,171.3333323984615,172.8401901112775,3603100
2023-04-27,169.3972930908203,170.6561922785789,163.31265734052627,170.26516923822342,4621700
2023-04-28,171.55267333984375,171.81970990764663,168.10979342738355,169.41636624501916,3167800
2023-05-01,174.0895233154297,174.46146815127057,172.29656555536684,172.38239562077587,2572800
2023-05-02,175.15769958496094,177.95205201149588,173.68898375848212,175.9015893221738,2710800
2023-05-03,173.9464874267578,176.60732153877646,173.6031525846519,174.9288037287047,1788500
2023-05-04,172.93557739257812,174.4996552534308,172.12492115911243,173.57455891261628,2308200
2023-05-05,174.9001922607422,175.9111185784857,171.25704187685122,172.27750001842907,3672100
2023-05-08,175.9779052734375,176.02559350290787,173.3170563244782,175.2816891384599,1936900
2023-05-09,171.30471801757812,174.26121331794292,169.7883285191059,174.08000679565953,3353300
2023-05-10,173.03094482421875,173.85113290869086,171.24751851651973,173.26937142374663,3364700
2023-05-11,172.22984313964844,172.7066963614,170.46549495061097,172.048636586998,2252600
2023-05-12,172.21078491210938,174.09911965504313,170.58947226516818,173.0405048873185,1376800
2023-05-15,175.83482360839844,176.1686266300583,171.9341683842396,172.31564507836254,2435800
2023-05-16,174.32797241210938,176.68362819457107,174.1372340579529,175.12909678341236,2178800
2023-05-17,179.25865173339844,179.86902321456796,174.67131197139793,175.48196818888425,3002200
2023-05-18,183.35958862304688,184.10347845652583,179.64967128085908,180.2028227433648,2959000
2023-05-19,181.7096710205078,183.73152384041705,180.9753130510033,183.3595789433129,3598300
2023-05-22,182.4535675048828,184.19885194833765,180.68921941132146,181.11838437719288,2494400
2023-05-23,179.2205047607422,181.5475507027772,178.72457335856961,181.00393107017183,3864700
2023-05-24,165.18191528320312,168.45313520267126,161.8820998935752,163.56061761095108,10367100
2023-05-25,164.40943908691406,165.88768685781005,154.43366414195793,158.80164102418277,9915900
2023-05-26,168.35777282714844,169.51176385904816,163.55109945387125,164.49525938211312,6794800
2023-05-30,169.2161102294922,170.5608396718671,166.71740425614044,169.87416993756517,5233100
2023-05-31,169.4640655517578,171.66712465646472,167.1274881544142,167.28007009428296,7035300
2023-06-01,172.0581817626953,173.7653098815787,168.51992447896438,170.9232687744721,4361700
2023-06-02,172.29776000976562,174.4059610096362,171.45447376097394,173.74474925747987,3697400
2023-06-05,167.6788330078125,171.85690954288947,166.41391853464347,171.69400466645664,3311400
2023-06-06,170.54408264160156,171.2627883847261,166.17435406294126,166.36600600335333,3487400
2023-06-07,172.8439483642578,175.70919407618194,170.83158090316482,170.83158090316482,4060900
2023-06-08,174.09925842285156,174.9233748613226,172.53728134106115,173.8692819613929,2995000
2023-06-09,174.8467559814453,178.13363020227635,173.52433261128337,175.62295591711177,3164500
2023-06-12,179.8297882080078,180.11727346968618,177.00288148273754,177.28077464169166,3845700
2023-06-13,184.34323120117188,184.5061360852863,181.51632480580972,182.39793544919112,3827900
2023-06-14,183.8832550048828,185.8764673052998,181.93795934392935,184.58279115031252,4061300
2023-06-15,181.74630737304688,183.8832549693358,181.54506333618127,182.81956991071567,3414400
2023-06-16,180.50057983398438,183.77787676818213,179.9160318221413,182.54170913506246,6889200
2023-06-20,180.13641357421875,181.11385753446763,177.66406392306368,179.19730877748913,2663500
2023-06-21,177.70237731933594,180.40470307133683,177.60654404654042,178.25817813292014,2941300
2023-06-22,178.34442138671875,178.59356742794873,175.58458686556648,176.20747390179844,2973200
2023-06-23,178.18153381347656,179.2835434599285,175.8625116562925,176.41831253031108,5021500
2023-06-26,178.56483459472656,183.6341139732439,178.46901593528423,180.01183818673223,3365800
2023-06-27,184.35279846191406,184.57319743753493,177.29030754279668,179.00562657882696,3631900
2023-06-28,181.9762725830078,183.18370748525228,180.7017807094679,182.09127543500054,3836400
2023-06-29,181.57382202148438,182.70459337216406,179.77227616391784,181.88047683594203,2623200
2023-06-30,186.6814422607422,187.20849612982855,182.83876700087197,183.01124938233244,3376000
2023-07-03,186.22146606445312,188.34883640402438,184.2474231383175,185.88606417532614,1367600
2023-07-05,182.0721435546875,185.28236877673157,181.9475631984441,184.40074342469637,2693700
2023-07-06,178.42112731933594,180.117277238835,176.8687273447381,179.10149401003406,4203800
2023-07-07,177.5778045654297,180.7880292536848,177.45322422990122,178.61274254293787,3038000
2023-07-10,183.0783233642578,183.11664790576037,178.0186358037341,178.15279363215302,3367200
2023-07-11,182.9824981689453,184.05577546586446,179.7722876247822,183.66287944308252,2039700
2023-07-12,187.24679565429688,187.86968273348165,184.54446968440976,185.33983912200824,3117600
2023-07-13,189.99705505371094,191.11823426250524,187.73552705537801,188.47338775981584,3364400
2023-07-14,183.9599151611328,189.153760017061,183.49994759977267,189.14418253819488,2922100
2023-07-17,188.16673278808594,189.29748938731936,182.62790877892527,182.62790877892527,3249100
2023-07-18,188.30088806152344,188.59795073623138,185.7327201182767,186.78681300846273,3022900
2023-07-19,187.62054443359375,189.16336685256755,187.1605768008503,188.942967827602,2040800
2023-07-20,181.73672485351562,185.85730748803513,180.88386126584464,183.87368718457606,3991000
2023-07-21,183.9503631591797,185.56983463815382,182.76209762047864,183.65328580792405,8748400
2023-07-24,184.34323120117188,185.53149665378476,182.69499815681783,183.45204307829178,2663500
2023-07-25,187.49595642089844,188.7321238564143,184.94694322772904,184.94694322772904,2958700
2023-07-26,183.52871704101562,184.77447668447874,181.97630257117706,183.92159843191214,2793200
2023-07-27,187.29473876953125,189.8341748412813,185.6081809975148,187.34265541656575,3474600
2023-07-28,190.14080810546875,190.71577860462952,188.00386024931066,190.0162277521589,2883900
2023-07-31,191.20448303222656,191.75070643932625,190.1503753810375,190.44745271699543,2091300
2023-08-01,191.15655517578125,191.72194813121874,188.60755662516598,189.39333395550594,1900300
2023-08-02,184.42947387695312,189.89163433415112,183.86408094044185,189.8245481161173,3739700
2023-08-03,183.49996948242188,185.1769496765955,181.05636684649033,182.72375493854886,3040100
2023-08-04,180.49098205566406,182.3212749755419,177.03161102158086,181.11385454254986,3632900
2023-08-07,182.16793823242188,183.38493598502822,180.98925039345036,182.7428940011379,2035200
2023-08-08,178.82357788085938,179.54228364674535,176.0829126420633,179.19730429423583,2939500
2023-08-09,177.09869384765625,179.67645438611962,176.6962203444842,178.63193877392737,2341900
2023-08-10,177.00289916992188,181.06597391767556,176.4566756559403,179.2452581152889,2268000
2023-08-11,175.56546020507812,176.75371110934148,174.42511132338768,175.36421614626516,2859400
2023-08-14,177.6544952392578,177.8748942630329,174.93299937890737,175.72836890708655,2057000
2023-08-15,173.7543182373047,176.41831985370408,173.48598795758272,175.3258876413828,1959500
2023-08-16,169.77748107910156,173.1026945615254,168.43590270958225,172.86312595110354,4869000
2023-08-17,168.1675567626953,170.83155806125268,167.34344030631465,170.32367386835466,2804100
2023-08-18,168.4167022705078,169.13540797009748,166.18392147579672,166.64388902934473,2834600
2023-08-21,169.82540893554688,170.24705205725863,166.9505854207216,168.77130113126753,3345900
2023-08-22,169.28875732421875,171.89526483598075,168.04299769222698,171.5215384085939,4234700
2023-08-23,170.07452392578125,171.32986095803923,161.5075490794912,161.57463530117505,7413500
2023-08-24,166.4426727294922,170.8124013875843,165.73354445276087,169.3941594562277,6811300
2023-08-25,170.72616577148438,171.5311127353503,166.14561543915806,166.14561543915806,4538700
2023-08-28,172.8056182861328,173.56264860203095,171.76110273582924,172.57562717418716,2851700
2023-08-29,174.94256591796875,175.78585203912542,170.67824791367673,171.2627958618228,3574800
2023-08-30,173.99386596679688,175.26835787657143,172.8726722050923,174.09926209912123,3080900
2023-08-31,174.19509887695312,176.284144427977,173.27516374898892,173.99386946488198,3362800
2023-09-01,175.6489715576172,175.85117220878163,173.9447739892257,175.81266549464212,1879000
2023-09-05,174.7920684814453,176.61181572702677,173.51151812000265,174.67653363779343,2488000
2023-09-06,175.4082794189453,175.68750821423936,172.10578113226953,174.79206909794044,3382500
2023-09-07,171.8265380859375,174.66688182633223,171.04663394506585,173.25152145855807,5562200
2023-09-08,170.87335205078125,172.2213074702745,170.14160692185808,171.768776431242,3182200
2023-09-11,171.04664611816406,173.2226500803691,168.774368025812,172.86639319315194,2768100
2023-09-12,168.54330444335938,172.35610098018086,168.51442073411164,169.9394042595774,2862900
2023-09-13,169.6216583251953,171.01775805547658,168.7840014253488,169.37132796325332,2269400
2023-09-14,172.99160766601562,173.41525507789052,168.70701850794475,171.62439127690172,4135400
2023-09-15,171.5184326171875,172.90490933528093,170.62300830685862,172.7412300965631,6062500
2023-09-18,173.0397186279297,173.65592891924175,170.80594713966585,171.47993954183622,2733700
2023-09-19,172.1057586669922,172.3657267238046,169.6120339974683,171.57619954815618,2852700
2023-09-20,169.53500366210938,172.4234918816536,169.39057043616566,172.36572446792044,2606500
2023-09-21,167.37828063964844,170.09346694465452,166.95463329915563,168.88029234385922,3780800
2023-09-22,168.95729064941406,170.30526055777128,167.78263766413005,168.48551366935754,2839700
2023-09-25,168.90916442871094,169.05359766209037,166.62726331910935,168.01374008652706,2300400
2023-09-26,165.9340362548828,167.35903452505514,165.04823485785312,166.916126480734,3492500
2023-09-27,166.38656616210938,167.53233563579377,164.30685088340218,166.55988311447456,2558400
2023-09-28,169.85275268554688,171.0177681331099,165.85700151463516,166.38656066880563,2781800
2023-09-29,168.58181762695312,171.97098166097902,167.65750951233588,171.34514834778219,2703800
2023-10-02,168.90916442871094,170.32452490448225,167.2338505777575,168.49515481456868,1727200
2023-10-03,165.1348419189453,169.84307643621216,164.1527666467952,167.3204684637192,3226100
2023-10-04,167.3301544189453,167.85009064485078,165.3371047306122,166.17476180482032,3601000
2023-10-05,165.7029571533203,168.13891452958921,163.5750975668644,167.74415092211817,2874600
2023-10-06,167.50343322753906,168.77436040602478,163.80617182807595,164.36461464751739,3259900
2023-10-09,166.8776092529297,167.43603741175983,165.05784746746966,166.42507823087533,2571900
2023-10-10,169.42910766601562,170.96964073698396,167.02203392488522,167.19533618227277,2924500
2023-10-11,168.41815185546875,170.5171280229392,166.80060517957338,169.8142518370338,2466900
2023-10-12,167.147216796875,169.6313041227151,165.8185073082897,169.35209001578716,3569000
2023-10-13,164.71124267578125,167.78265631039272,163.7098918106769,167.51306523708269,2699900
2023-10-16,166.3287811279297,167.29161054111597,165.12524436144685,165.34669101282861,3258900
2023-10-17,166.1939697265625,167.59970699987824,162.45818725884385,163.18994694561485,2283600
2023-10-18,164.90380859375,166.53099276008706,163.41141996649114,164.35498874003835,3827200
2023-10-19,162.4486083984375,166.5984015499818,161.9768166138466,166.5021127150486,3692800
2023-10-20,160.3303680419922,163.43068012201283,159.83931560787218,162.73744172575903,3399600
2023-10-23,157.77886962890625,161.09100554700166,157.5670459579853,159.3964308712468,2757500
2023-10-24,158.79946899414062,159.17498661872187,156.79679647938445,158.50099418737253,3206300
2023-10-25,153.8505401611328,156.45019191623092,153.08991121750702,155.98802311572524,5142300
2023-10-26,154.88075256347656,157.8366314622303,154.70743561539834,154.8903755694095,3528300
2023-10-27,154.60153198242188,156.45016276514974,153.86014919158038,155.47769561711294,2168900
2023-10-30,150.08584594726562,152.14630019836395,149.22892840105206,151.7611596378347,4421400
2023-10-31,151.48196411132812,151.78043889998239,149.39262589913636,150.6828138785634,3151800
2023-11-01,153.3209686279297,153.55203829589198,149.69109744703502,151.6071333630217,4324600
2023-11-02,158.2313995361328,159.12683862793008,155.63176277463955,155.95912128492563,4105900
2023-11-03,161.67832946777344,163.16109513966535,159.77193115266766,159.77193115266766,3536600
2023-11-06,161.34132385253906,162.64113468118913,159.43491113060932,161.2161513336904,2132900
2023-11-07,161.86123657226562,162.83368889047466,160.73472803782266,161.34131520698787,2537400
2023-11-08,162.6315460205078,164.16244150918104,161.2739528022746,162.2367823712434,3452000
2023-11-09,160.91769409179688,164.27795954091414,160.58069790050686,163.18033453230535,4211500
2023-11-10,165.914794921875,166.55988895665786,161.60130796475187,162.98778486585482,3671000
2023-11-13,164.3164825439453,165.24079061722412,163.77730038593066,164.40313367113797,3243700
2023-11-14,170.97926330566406,171.67250171666555,168.49516144817747,168.68772440865297,3448600
2023-11-15,174.06031799316406,176.01486072707303,172.36574334113033,172.36574334113033,3293200
2023-11-16,173.15524291992188,174.90759955225315,172.019111232982,174.58986407413997,3286900
2023-11-17,176.2459259033203,176.74660130865013,174.38765750802878,176.12075337908516,3279000
2023-11-20,176.9873046875,177.83458455641096,175.3215992726921,175.3215992726921,3811100
2023-11-21,174.5128631591797,177.6709430385381,172.77014395222068,176.2555823661387,4965900
2023-11-22,175.8800811767578,177.36284698728383,174.69580488303083,175.38904336999633,2926300
2023-11-24,176.2459259033203,176.57328437573906,175.4371527273643,176.00521855155168,1127100
2023-11-27,176.93917846679688,177.5265050399618,174.68614630761263,175.87043715141846,3520200
2023-11-28,176.39036560058594,177.69019133273056,175.56233162349204,176.44813302128347,2797900
2023-11-29,175.9185791015625,179.98170595268815,175.74526215715338,178.40266620799483,2986600
2023-11-30,176.56365966796875,176.6791944943881,174.04103665546478,176.3710820351223,4356200
2023-12-01,177.09571838378906,177.879282560275,175.24804559674493,176.8055056026518,2332900
2023-12-04,177.27952575683594,177.46332769787486,174.30003606838025,175.73174868234833,3316000
2023-12-05,174.73536682128906,176.5540052960379,173.76800059143898,176.27347558414976,2620000
2023-12-06,174.67730712890625,177.02799971201222,174.29035182494695,177.02799971201222,2763400
2023-12-07,178.3629608154297,179.65922780739507,174.48381342550394,176.38952576539646,3717600
2023-12-08,178.8466339111328,180.22029188370163,177.81154518794676,178.2371885970762,2404200
2023-12-11,183.92530822753906,184.87332280504032,179.50443837994652,179.59149778015055,3499500
2023-12-12,184.73789978027344,184.8152908372622,182.94826664439054,184.01237522694277,2841100
2023-12-13,185.99549865722656,186.78873124533447,183.47067234927013,185.1635631560384,3701800
2023-12-14,193.63766479492188,193.72472419877184,186.8854537476977,186.8854537476977,5610000
2023-12-15,194.32449340820312,196.15281461991108,193.4925580294938,195.34989904132138,7057400
2023-12-18,190.17453002929688,194.62442074176428,189.75856962156487,194.3245395620807,3421000
2023-12-19,191.3740234375,191.6352163985671,190.271226754014,191.24826113016508,1981800
2023-12-20,185.91810607910156,190.99677845808165,185.79234375386872,189.85527870488554,3629500
2023-12-21,189.87461853027344,191.2482766325712,188.41390102084108,188.7524703021985,2636800
2023-12-22,190.66786193847656,192.95084649765974,189.34256035992772,191.170881676671,1754600
2023-12-26,192.3800811767578,193.3087590772886,191.09348256205595,191.4417349296507,1606900
2023-12-27,192.84446716308594,192.9315265826785,191.61590789687554,192.38012073691723,1646100
2023-12-28,193.70541381835938,194.8952701151117,193.19271091159467,194.3051761408003,2215500
2023-12-29,192.08021545410156,194.15037837155435,191.6255521943999,193.34746271635427,1542400
2024-01-02,187.26272583007812,190.63883873239243,185.26027097753743,190.63883873239243,3279200
2024-01-03,182.7935028076172,184.8636656491773,182.5032900285352,184.54443306827062,3297400
2024-01-04,179.9978485107422,180.79108117459674,175.8768587635276,175.9639181850169,3923500
2024-01-05,180.46214294433594,181.6713505293813,178.94337113231828,179.93975700152887,2492200
2024-01-08,182.81283569335938,183.27718203455163,180.90712335544956,181.07157381597543,2587200
2024-01-09,183.5673828125,184.1091202187198,179.82368079034552,180.4137746921043,3151700
2024-01-10,182.22274780273438,183.43195542952077,180.26867890564898,183.43195542952077,3080400
2024-01-11,182.7935028076172,183.56738387072238,179.66889971003127,182.23242870428135,2918700
2024-01-12,182.21310424804688,184.09946545033017,181.30377762724433,183.49970310930607,1597100
2024-01-16,181.66168212890625,183.19012241144466,179.3980488890403,181.71973649678966,2373300
2024-01-17,179.37867736816406,179.63987033149704,176.91190577955987,178.65315283955476,2925900
2024-01-18,183.7705535888672,184.49607822068273,181.58431134556412,184.14782580697783,3585500
2024-01-19,188.41390991210938,189.19747413496793,184.80562353056732,185.11518778499033,4408400
2024-01-22,190.87100219726562,191.39338815560367,189.09105212175976,189.6037549721953,2861800
2024-01-23,194.79852294921875,194.992007993894,190.46472659571756,190.70656814072512,3801100
2024-01-24,191.82872009277344,195.83361556367183,191.40307660374825,194.30517519891626,4255300
2024-01-25,190.86134338378906,195.45633257309572,190.53244243704984,195.40796131367267,2957300
2024-01-26,187.60130310058594,190.0584212922553,187.1563229549307,188.9459561672817,2379100
2024-01-29,190.76458740234375,190.8806813689333,186.62426177429924,187.61097930571842,2766500
2024-01-30,188.38487243652344,190.14547099568026,187.04023419928689,189.43929790267148,2479800
2024-01-31,186.0825653076172,189.69083714877235,185.3667089961555,187.19503054813975,4125600
2024-02-01,185.74398803710938,186.3437651484731,182.58071103271718,185.84073056628216,2628000
2024-02-02,185.83103942871094,186.58558382904664,183.54805477207486,184.11879724602494,2948400
2024-02-05,186.27603149414062,187.65937282377394,184.20586843453478,186.498521585176,3193700
2024-02-06,183.51904296875,186.90482457045226,182.85155794839488,186.90482457045226,3991700
2024-02-07,185.70529174804688,186.52755892748763,182.71613371408583,185.56986106963936,3500400
2024-02-08,187.72706604003906,188.80084301883676,185.6472347957398,186.67264051658822,2594500
2024-02-09,188.65574645996094,189.14909787145612,187.13697455344263,189.14909787145612,3183900
2024-02-12,187.7174072265625,189.29420403777547,186.32439758755413,188.32683787300147,6264900
2024-02-13,178.66287231445312,182.78384716189547,177.03768936392157,182.01963433096867,6800200
2024-02-14,180.23965454101562,180.9748474455909,178.7208827150161,179.84303090686907,3780800
2024-02-15,181.4198455810547,183.151439296711,180.5975931905455,181.65201877646479,2811200
2024-02-16,182.09701538085938,184.30260909455612,179.98814942884334,181.46821850617047,4353300
2024-02-20,183.21914672851562,183.32555759766933,179.94945911066242,181.13931536695455,4600500
2024-02-21,187.398193359375,187.94958445279653,183.9640401788691,184.0510995998034,5555900
2024-02-22,185.64723205566406,190.9000229008781,182.87088130737692,190.70655263277203,5780400
2024-02-23,183.90597534179688,186.75970246967034,183.67380215697747,186.75970246967034,3720400
2024-02-26,182.8418731689453,185.24095188117394,182.71612560511417,185.0377984921602,2827100
2024-02-27,182.89990234375,184.15746637385195,181.85514526024153,183.6060754124869,1886100
2024-02-28,181.6326446533203,182.49359984937408,180.14290742764908,181.09092202580348,1774800
2024-02-29,185.5601806640625,186.01482917137352,182.60002786692405,183.92532952040676,3119300
2024-03-01,189.758544921875,190.783950665066,185.36669439509168,186.26635257787723,2934700
2024-03-04,189.19482421875,190.72073795169842,188.26177018575927,190.33197408901353,3150700
2024-03-05,184.4712677001953,189.57387117677126,183.5868128716284,187.86327461507872,3328500
2024-03-06,186.31793212890625,188.55336154630677,185.04471334905932,185.99719524972173,3905300
2024-03-07,192.67431640625,193.79202363857817,188.24232827041803,188.24232827041803,4275300
2024-03-08,190.4388885498047,194.06416277557426,190.0889951372377,193.41297514142843,3752600
2024-03-11,192.64515686035156,192.91729452712548,189.13650890974088,189.13650890974088,3110900
2024-03-12,193.6073455810547,193.99612425548776,191.01230910457275,193.70454395726046,3864600
2024-03-13,193.02423095703125,194.21969405920714,191.8773522204067,192.87843336919997,3647400
2024-03-14,188.9712677001953,194.28769574080923,188.10625551457682,193.47128274479886,4361800
2024-03-15,189.71966552734375,190.4194523762508,183.4507552670769,183.4507552670769,10198200
2024-03-18,185.85140991210938,192.7229086310691,185.754211526901,191.67324318885392,2846500
2024-03-19,185.19049072265625,185.71533826622854,182.81900736153682,184.98639487934904,2226700
2024-03-20,188.8643798828125,189.2823003079084,184.61705964489582,185.11275064164548,2594300
2024-03-21,189.6710662841797,193.09224478565932,188.84493933110073,191.10952526787844,3109000
2024-03-22,188.0771026611328,190.1278639275961,187.14406345604843,189.80712706635123,2104300
2024-03-25,185.27798461914062,186.7164288231994,185.08358784177727,185.45292392229732,1768700
2024-03-26,183.6548614501953,186.541463593316,183.46046468439556,185.277973597964,2711500
2024-03-27,187.9021759033203,187.97020291033238,184.06307687907895,185.32656693563027,2410300
2024-03-28,192.23692321777344,192.99503790424995,188.4852943885068,188.5922066672057,3119700
2024-04-01,191.0998077392578,194.0836233428878,190.672158547692,191.85790773143637,2032300
2024-04-02,189.40867614746094,190.0890204206127,187.32875803788664,189.7391269615071,2495800
2024-04-03,189.8751678466797,191.1483865482543,187.24124596884624,187.58142547050863,1928300
2024-04-04,186.56089782714844,193.12138795663154,185.95830940542456,192.78122329259628,2931000
2024-04-05,189.29200744628906,190.1667483814238,185.80280210283598,187.22181837695732,2087400
2024-04-08,191.16783142089844,191.44968299926296,188.58250870319407,189.16566933273626,2456700
2024-04-09,198.3892364501953,198.46699219464574,192.3633071440088,192.93673907513997,4598000
2024-04-10,190.81793212890625,195.11383648761688,189.9140346640099,194.75422918103587,4517700
2024-04-11,193.06309509277344,193.50045818115888,188.78663293683942,192.40219350683844,3427100
2024-04-12,186.87193298339844,191.13868106427444,186.68726495038152,189.55443933933068,3337200
2024-04-15,184.947509765625,190.38057908531485,183.9172721507402,189.47668157294058,2561500
2024-04-16,185.86109924316406,188.59220443993956,185.12244203657943,187.33842848672273,2268000
2024-04-17,184.11166381835938,187.41621624816622,183.88812532020398,187.01772361594735,2763200
2024-04-18,182.3135986328125,184.8600360651197,181.3611167797984,183.03282809837302,2748900
2024-04-19,178.21206665039062,182.65375364780076,177.44425286497926,181.83734067410992,4121300
2024-04-22,181.07923889160156,183.02308775923575,178.046839403817,179.26174494608836,3557800
2024-04-23,184.5976104736328,185.50150795725068,181.19587477325493,181.74987884876117,4177800
2024-04-24,190.983154296875,196.0177158259102,189.5544241699023,194.4140464166421,6527500
2024-04-25,192.3827362060547,193.5101721754046,189.6224742096939,192.3049804670936,3301500
2024-04-26,196.29957580566406,196.91189293446604,191.4399537177492,191.52742335603816,3136300
2024-04-29,198.17539978027344,198.2531555199841,195.0069312466172,195.17215663210573,2289200
2024-04-30,194.97776794433594,198.466973222042,194.87085565973592,197.91298398758042,2668400
2024-05-01,188.44647216796875,193.91841276209047,188.40760170685235,191.52747156761367,3554600
2024-05-02,190.97344970703125,191.78014881898778,186.21101077467975,190.59439974651104,2728100
2024-05-03,194.02529907226562,196.1635300766246,193.45185232727815,193.45185232727815,2372800
2024-05-06,197.61170959472656,197.71860705965724,194.38491292163923,194.5501383179756,2168900
2024-05-07,197.85467529296875,199.99290620213566,197.8157900084,198.7585579489166,3276700
2024-05-08,199.10845947265625,199.24452831341074,196.14408669508578,196.70780470118044,2464300
2024-05-09,199.04043579101562,199.69163833515435,197.98104151777477,198.73914153260702,2941800
2024-05-10,201.373046875,201.92703614840912,199.47779699692958,200.16785511208758,2617000
2024-05-13,202.52963256835938,203.8611643910046,202.20889570290063,202.96699562838822,2314800
2024-05-14,205.9896697998047,206.45618938214935,200.9065090913018,203.13220955096224,2683400
2024-05-15,209.69273376464844,209.83851652340545,206.73808948749726,208.40978616601674,3802700
2024-05-16,208.1084747314453,209.93569758578758,207.6613977545688,209.93569758578758,2820000
2024-05-17,208.06961059570312,209.5760966226227,206.99077374601407,208.4875310359291,2373800
2024-05-20,211.3741455078125,212.55989463697694,207.93353915017238,208.92490633677036,2647900
2024-05-21,210.55772399902344,210.98537315373875,208.52640534451658,209.15815034009725,3428800
2024-05-22,233.41738891601562,233.6214847537554,218.440028976196,221.3946728983775,9445800
2024-05-23,227.974609375,235.08910386566455,225.48648501664442,234.11717936128247,5578400
2024-05-24,225.98216247558594,231.6290563360752,225.68086825035596,229.6949212222821,4544300
2024-05-28,226.88604736328125,227.71217425258075,223.9702739955154,223.9702739955154,2673800
2024-05-29,221.7445526123047,225.1268603041443,221.43354450673186,223.28992372598563,3002100
2024-05-30,223.54263305664062,224.2132633286731,221.60849797951423,222.25968560920623,2884600
2024-05-31,227.90658569335938,228.1398380863606,221.25861071539086,223.63983765014746,6460100
2024-06-03,225.6905975341797,229.65603649375348,222.0944649742353,228.4897300450323,3087800
2024-06-04,225.0465850830078,226.55904856279315,223.40724917448406,226.24680332126354,2616000
2024-06-05,229.9742889404297,230.25727651246686,225.6222718179029,226.38338718712293,4016700
2024-06-06,231.6624298095703,232.60894780055673,227.64216276177658,228.84239581594386,2757000
2024-06-07,229.0863494873047,231.85759105038625,227.62266367575543,230.33536018867613,2208200
2024-06-10,229.6717987060547,230.26703148974696,225.59300167864757,226.66636226457425,2765600
2024-06-11,230.5792999267578,230.78420759530283,227.48604580435133,227.99344614795524,3098600
2024-06-12,232.66749572753906,234.75568686052782,230.71591467280632,233.24320856523357,2515000
2024-06-13,228.36424255371094,230.53049858874294,226.86153178090453,226.9200768268166,2673800
2024-06-14,225.593017578125,226.9396132894388,223.89513667644164,224.52940946178282,2252400
2024-06-17,226.76394653320312,226.8712840803863,222.42168192330416,224.9587282094993,2415000
2024-06-18,229.6815948486328,230.70616306113126,225.6808474562898,226.12971768099175,2457400
2024-06-20,223.95367431640625,227.03717589769192,223.27062393811678,226.8029808154006,4562300
2024-06-21,225.45639038085938,226.26629825520453,223.52432942520346,225.93451818049118,7167000
2024-06-24,222.92910766601562,226.32485449006901,222.57782248494928,225.45640152706915,2413600
2024-06-25,224.76356506347656,225.48565534503635,220.37250810912136,225.48565534503635,2001300
2024-06-26,222.3240966796875,224.4220551197427,221.0848535055479,223.76827729283778,2510600
2024-06-27,221.1921844482422,222.90958526563875,220.50913407286015,221.50444455663484,2159000
2024-06-28,222.7339324951172,226.45170677924412,221.36783176114128,222.62659494534898,3634000
2024-07-01,219.728515625,221.4556691203717,218.4990248545596,221.21172147540778,2307800
2024-07-02,222.71444702148438,222.84128967192314,219.12352994973094,219.12352994973094,2417900
2024-07-03,224.4513397216797,225.3978577178301,221.54347324988188,223.1340165630921,1425700
2024-07-05,225.30026245117188,225.90524778180568,222.8412662821547,225.81743021240032,2251800
2024-07-08,227.6909637451172,228.09104144473937,226.0613953106122,226.55904313176856,1729500
2024-07-09,226.39315795898438,228.5886866752816,225.31979729797942,228.10079140499332,1315500
2024-07-10,232.56016540527344,233.3017608689539,227.45678495748766,228.78386071154583,4037600
2024-07-11,228.08128356933594,233.40909151870403,228.01297108541442,232.97974130371693,3103700
2024-07-12,232.78457641601562,236.29742812828195,230.4329177666757,232.5796687516058,3105700
2024-07-15,231.9649200439453,233.9652935571078,230.3841441904188,231.3989597643093,2057200
2024-07-16,237.43910217285156,237.9269974187853,231.89660443656572,233.22368010108082,1964600
2024-07-17,229.90599060058594,238.22948202325807,229.71083548669603,234.65808537048773,4448200
2024-07-18,233.2041778564453,235.2630964149777,230.569531584758,230.75493416277558,3688500
2024-07-19,225.62228393554688,234.48246359321428,225.1539086576517,234.48246359321428,2894900
2024-07-22,234.228759765625,234.44343488024555,227.67146089241064,231.37945311356773,2827300
2024-07-23,224.7440948486328,231.1843037807179,223.48531665500698,228.43258207148244,3876200
2024-07-24,219.18206787109375,225.36859125411664,218.32338231463677,225.04657858692698,4589600
2024-07-25,215.57164001464844,222.09968097947348,211.99049059093136,216.14735284832526,5114600
2024-07-26,220.94822692871094,221.74838225360253,217.57200027183586,219.8455938326029,4296200
2024-07-29,221.89474487304688,224.69527362086302,219.87486636127858,223.202315406701,2672200
2024-07-30,219.14305114746094,224.6074694843813,217.50371522381695,223.30968111028247,3955600
2024-07-31,225.7783966064453,226.53951195793746,221.4458846737175,224.19760597002434,4308100
2024-08-01,213.6200714111328,225.60277851008684,211.52212762554015,222.5583166732946,5404600
2024-08-02,202.92539978027344,207.911689851709,201.7056616501706,207.33596213837058,6796700
2024-08-05,195.7045440673828,204.02803600156037,193.9188456312607,201.04211939634632,4879700
2024-08-06,199.9199676513672,203.6474797167149,196.30953079510857,196.48518083219673,4671100
2024-08-07,196.4364013671875,206.30164483150918,195.99729857939286,205.3746467485243,4178200
2024-08-08,208.46788024902344,208.9557754953364,199.3247280977207,201.1982440568367,4510100
2024-08-09,206.1942901611328,208.5557014071793,204.09634652165386,204.8672144727599,2482100
2024-08-12,206.9456787109375,208.23371460076652,204.91603241269527,207.0139763125957,1712100
2024-08-13,212.73208618164062,213.30781390511936,208.03853615663863,208.0873286605784,4011000
2024-08-14,210.10720825195312,212.82965707440923,207.64821213241225,211.6684640488099,2409500
2024-08-15,218.2550506591797,218.8112583689392,214.10794119928298,215.11300418311924,5197400
2024-08-16,217.7866973876953,218.3819302246492,216.05954392811068,217.6500873049214,2573600
2024-08-19,220.4798583984375,220.60671592683204,216.12784114791674,217.04507170210547,2803100
2024-08-20,218.07940673828125,220.5481553143983,216.030240896655,218.53802942769875,3994200
2024-08-21,221.99234008789062,231.12573981851054,219.36746124477014,223.96344107879673,5595100
2024-08-22,216.5376739501953,222.73393470649626,215.90340119003818,220.2163934237045,3708100
2024-08-23,222.86077880859375,223.66093411921383,219.3186547338771,220.38227763328436,3208000
2024-08-26,220.14810180664062,222.66564315776762,218.3721558972528,222.3241105169217,2532300
2024-08-27,226.2272491455078,226.72491179275238,218.8795484173442,219.66018373724566,3707500
2024-08-28,221.67031860351562,227.60312642965087,219.68946514663955,225.4856629029689,3211800
2024-08-29,225.30026245117188,229.41809945183022,223.9243943062972,223.9341617402629,2711500
2024-08-30,229.15464782714844,230.4231785124886,226.2077711040109,229.25223283732157,2770900
2024-09-03,214.25448608398438,225.3340784215122,213.21606765565926,224.03117114678386,4868600
2024-09-04,217.28155517578125,219.41713764804584,213.6765153377247,215.52801218629895,2736400
2024-09-05,214.59735107421875,217.1051968742432,213.28465287388408,215.0087931244159,2730000
2024-09-06,209.2877960205078,214.94025567535826,208.3669429977693,214.11737146488892,3437000
2024-09-09,214.10755920410156,214.84228043029498,211.64869754836664,212.5891323470469,2450800
2024-09-10,214.26429748535156,214.56797985890478,209.7580014415638,213.06914979411937,2048900
2024-09-11,220.48495483398438,221.1217072676495,210.33600476369386,215.41047232486812,3431800
2024-09-12,217.01705932617188,218.89794389635264,214.47001972916811,218.8881529944662,2157800
2024-09-13,220.8278045654297,221.93478930257214,218.46689682866628,219.2799900929104,2032300
2024-09-16,218.73141479492188,219.8873840102967,216.1941809790956,217.85954616930061,2124000
2024-09-17,220.7592315673828,224.37404724461814,218.11422334061146,222.80665101728263,2524500
2024-09-18,218.10443115234375,224.2075109132199,217.43829112294378,224.2075109132199,2527300
2024-09-19,228.69422912597656,230.95716816153632,223.22790128722522,225.31451439957138,7157700
2024-09-20,222.1601104736328,227.74398893971056,219.77962081754518,227.24438387493637,5009500
2024-09-23,221.40579223632812,222.2188855394064,219.63266736067513,220.20085358263134,1357900
2024-09-24,222.6988983154297,226.09820963720622,222.19929327472025,223.98220896842278,1984800
2024-09-25,222.02294921875,222.9438021788448,219.53470000457008,219.53470000457008,2042600
2024-09-26,227.72439575195312,229.21341996984407,220.23023046731612,227.88112491577132,3883000
2024-09-27,227.32273864746094,230.46733696250837,226.38228894935185,229.92855338277946,2277800
2024-09-30,225.4810333251953,225.86308774616109,222.04254353650353,224.236901257767,2711400
2024-10-01,219.1134490966797,224.76590829009612,217.8693170325472,224.26628831542845,3124400
2024-10-02,223.09072875976562,225.2851013381313,218.9860841556491,220.39675117403132,1858000
2024-10-03,221.94461059570312,224.17816217887196,219.88739989959674,220.05393493585703,2087700
2024-10-04,223.58056640625,227.62643613523224,221.5037591593835,227.17580053271539,1895200
2024-10-07,221.89559936523438,222.67930498957253,219.52490068886897,221.0531184349606,1564700
2024-10-08,224.7267303466797,225.81411837843214,219.74042579164603,222.12093037918712,2447400
2024-10-09,228.48851013183594,228.82158016641534,224.61896638749064,225.70635439868707,2410700
2024-10-10,226.000244140625,227.10722889473843,224.01159990224127,225.02061584790624,1793700
2024-10-11,228.11624145507812,229.2330170942865,224.64836392741256,224.64836392741256,1428900
2024-10-14,231.61351013183594,232.2012930867944,227.95950078448223,229.0370978859256,1770300
2024-10-15,221.26864624023438,231.93679816211454,219.51511810562658,231.20207691419458,4112200
2024-10-16,222.85565185546875,225.64758359817006,221.35682172199054,224.1879469683318,1585700
2024-10-17,222.7086944580078,228.80198368869443,222.54215944051887,227.78317683230878,3637700
2024-10-18,223.67852783203125,225.09898585394168,222.34623276815617,224.5014120029108,1763100
2024-10-21,221.0727081298828,221.79763842514652,217.87912537647125,221.6898787183903,2212200
2024-10-22,220.04409790039062,221.01393527193036,218.1730192593749,219.8677719862604,1833700
2024-10-23,222.22869873046875,224.83449879925195,219.44654283658014,223.43363742396966,2492000
2024-10-24,225.00100708007812,225.64756530624794,222.7870526380326,224.08016909037224,2376100
2024-10-25,225.4810333251953,230.40856224470224,225.3536768688931,227.11701071486615,1733500
2024-10-28,225.45164489746094,227.22476963860797,223.9430239692847,224.46222574604244,3403700
2024-10-29,230.4379425048828,231.05511306816206,224.34465376743424,225.0205996323705,2055900
2024-10-30,225.4320526123047,228.24359591059797,225.19695139428794,226.07861085773308,2084400
2024-10-31,218.5648651123047,225.5104259970636,216.33131384033126,225.47124744314357,4258100
2024-11-01,220.88658142089844,221.98377526422428,218.45710746057213,219.3093792848125,2922800
2024-11-04,219.62286376953125,222.16009739585587,218.88814256861508,220.41636027485012,1599600
2024-11-05,213.16712951660156,214.842285581641,210.93357813125436,214.842285581641,3753400
2024-11-06,221.64089965820312,223.44341211653628,217.41870413815283,219.12324778873122,3615300
2024-11-07,223.12994384765625,225.57901461709727,221.12170282712626,224.95205309803805,2500600
2024-11-08,221.20005798339844,223.47278771084862,220.18123625031274,221.94457005916064,3426900
2024-11-11,215.97865295410156,220.42615886842344,213.97041194526142,219.28980139845316,3271700
2024-11-12,215.07740783691406,216.35092768508383,211.50175538059344,215.9982608801744,2593900
2024-11-13,208.50408935546875,213.2454868666471,208.11224400417575,212.35403645026426,4609800
2024-11-14,207.9163055419922,210.65925268866238,207.1521967014282,209.09185645455668,3214100
2024-11-15,202.14630126953125,206.09420203647826,201.2156424465025,204.5169999100049,3881000
2024-11-18,205.37905883789062,205.6141750016731,201.9111813727599,202.31283254707708,3774000
2024-11-19,206.14317321777344,206.52524259965188,202.58713270126438,203.46879218021405,2958600
2024-11-20,206.71136474609375,206.8583179616675,203.0279676740148,203.0279676740148,3072400
2024-11-21,209.60128784179688,210.6298856484829,205.77093741495165,207.96529534702034,2540600
2024-11-22,210.2184295654297,210.37517367814402,207.2305603140564,207.2305603140564,2695200
2024-11-25,219.02529907226562,220.41636947698962,211.59971469791003,213.30427333645778,7303600
2024-11-26,214.5875701904297,228.79217975177275,211.60949195292886,227.42069123915448,6568700
2024-11-27,212.74588012695312,214.9304470917029,209.54249134015396,214.85208998041466,2943400
2024-11-29,213.60794067382812,217.18357776985238,213.06914215236046,214.7247162692608,1992600
2024-12-02,218.5746612548828,220.21063872020045,212.58913175102418,213.6863256103305,3240200
2024-12-03,217.02684020996094,218.78038318290612,215.46923484923434,217.0660337115811,2340500
2024-12-04,213.8528594970703,218.66283800648068,213.42182065618624,218.5648691979374,2635200
2024-12-05,210.1792449951172,214.920642159449,209.50329910783344,212.80464154219746,2474800
2024-12-06,213.7548828125,214.13693723503522,209.3759433053204,210.35557156289184,3189400
2024-12-09,215.486328125,219.9231683093991,211.66928674958447,212.46614305455876,2467200
2024-12-10,212.1119842529297,216.10611316985165,211.01999208504725,215.4863293685247,2679400
2024-12-11,213.59747314453125,215.48632155348363,212.0627847504595,212.5251607424212,3839200
2024-12-12,214.18775939941406,215.18136797562207,211.15772684640595,211.65944731357823,2995000
2024-12-13,213.09576416015625,214.43370039811634,210.28216361611814,211.91523571754055,3067300
2024-12-16,212.80062866210938,214.25661324346112,210.19362772138828,211.43318033657826,3409800
2024-12-17,210.35104370117188,214.39434965329818,208.91472377996357,212.3874527204459,3240500
2024-12-18,204.39918518066406,215.39779588608036,203.89744971171143,211.66929069478306,4077400
2024-12-19,204.4090118408203,207.19310020924917,203.86793194391134,206.19949167945856,3941900
2024-12-20,208.34413146972656,209.89849973447812,202.49066582814385,202.9333621350942,6604100
2024-12-23,211.40367126464844,212.08247925808305,208.11786229333262,208.49168704920396,2478500
2024-12-24,214.55172729492188,214.6697906352467,210.20343870896414,212.43661467210543,1063500
2024-12-26,214.52223205566406,215.51585560764852,211.8955514484941,211.8955514484941,1189000
2024-12-27,213.4696044921875,214.70915710856397,211.74799613049225,213.90245341369177,1926700
2024-12-30,209.11146545410156,211.14788938165069,207.60628907775367,210.77404962423006,2578300
2024-12-31,209.01309204101562,211.06918063714014,207.6456437628236,210.5281007404671,1608800
2025-01-02,207.9210968017578,213.72537012399218,206.34704894594873,211.9939294915885,2378700
2025-01-03,211.87586975097656,212.6038695236437,206.98650096621657,209.30821333686967,2547200
2025-01-06,214.4632110595703,217.93593983592066,211.29545050265415,211.83653041353736,2490700
2025-01-07,212.36776733398438,216.7062240572008,210.823246477872,216.22416830643218,3573100
2025-01-08,216.86361694335938,217.57193697237415,209.18032761239667,211.90537674025595,3096400
2025-01-10,208.92454528808594,215.81097863856746,208.3539532948409,214.010666404165,4108500
2025-01-13,209.49513244628906,209.90831663643385,204.71397965856627,205.94369987134237,3960600
2025-01-14,211.1675567626953,211.344644285742,208.10801215942297,209.70173982190855,1634600
2025-01-15,214.67965698242188,216.02742565706296,212.20053660033096,213.97133687325305,3302500
2025-01-16,211.53155517578125,214.7583397956911,209.25903463670423,214.7583397956911,3116000
2025-01-17,215.60440063476562,217.060385241656,214.30580881501703,216.98168134246816,2871100
2025-01-21,217.8572235107422,220.02152801957524,215.60438275187897,215.67323927593597,4090900
2025-01-22,220.44454956054688,222.54982980713743,217.512900995384,217.8572136225065,2883300
2025-01-23,224.6453094482422,224.7239983372198,217.93594831472913,218.28027600175093,2608000
2025-01-24,213.84341430664062,222.37275162148052,213.607317640717,220.975791306913,3929200
2025-01-27,211.92506408691406,217.23746449555085,210.17394367755784,213.8729367311309,7088000
2025-01-28,206.12078857421875,210.4395653858972,204.52706096164923,209.35740558793228,3748600
2025-01-29,206.50445556640625,208.4326484170778,205.61904802330653,206.1404481827088,2258500
2025-01-30,208.9540557861328,209.61319904027292,205.7076063831182,206.81926326504362,2976400
2025-01-31,208.4523468017578,214.0893804513408,207.27181831652223,208.27527428402783,3486400
2025-02-03,201.91021728515625,206.24865858757124,199.4802890556748,205.89449858214633,4483500
2025-02-04,202.667724609375,204.96977226970287,200.75921143741172,201.28061160978191,4651500
2025-02-05,206.396240234375,207.13407235031443,200.84774332295964,202.09712823119614,4515700
2025-02-06,204.45822143554688,207.09473460074403,202.4119650182187,205.34361406296756,2715100
2025-02-07,201.88070678710938,206.15029160013702,200.43455467120768,204.31062002443375,3194700
2025-02-10,201.536376953125,203.84825684431513,199.67704068299653,203.22847308386153,2820500
2025-02-11,200.15911865234375,203.26784013513486,199.3524149371762,199.63770343934888,2335700
2025-02-12,201.802001953125,202.06761069961462,197.542249517265,197.74883409786804,2411500
2025-02-13,205.94369506835938,206.24866327221812,201.66427783444223,201.66427783444223,3134900
2025-02-14,211.1282196044922,211.6594521694955,207.21279436988513,207.8128984771257,3938600
2025-02-18,216.64718627929688,216.93247475959978,212.26938538726102,213.7450496212888,7400200
2025-02-19,237.73934936523438,238.5755500907555,220.464242474678,226.288195514488,9789600
2025-02-20,239.86431884765625,243.09110356336254,238.61491887802055,239.58884770297715,5889800
2025-02-21,235.03396606445312,242.08763933259073,233.90261447334677,240.9562877414844,6176500
2025-02-24,233.1451416015625,236.73591895130704,232.34827022036308,236.381758896741,4778300
2025-02-25,231.4825439453125,234.46338464436064,230.57747163842583,234.46338464436064,4136800
2025-02-26,229.93800354003906,232.54501943729133,228.0688347928443,231.2267479407214,2908200
2025-02-27,220.2183074951172,230.42989420270146,219.87397982199874,230.42989420270146,4480000
2025-02-28,226.32754516601562,226.38656933491322,219.4312795605387,222.32358392638614,4631200
2025-03-03,224.82237243652344,230.03638926749431,222.00877192095123,228.07866923719345,5000100
2025-03-04,223.4785919189453,228.67577829248455,221.22582450682248,227.70748723063562,4742400
2025-03-05,226.7293243408203,227.1146657694948,220.04017767104182,224.46666653211847,3927300
2025-03-06,220.10934448242188,226.13647991551807,219.3979426164791,222.98457735768318,4818700
2025-03-07,223.1624298095703,223.95287798278775,217.1155291760649,220.91953745257246,4062900
2025-03-10,213.67709350585938,218.5086891933016,210.604237184297,217.58980388399675,4946600
2025-03-11,206.58285522460938,214.7936023430784,204.0139022890738,214.73432136521222,4225500
2025-03-12,204.1522216796875,210.44615160472068,203.16416521611097,206.58284721376563,3917700
2025-03-13,201.36590576171875,205.67383244905113,200.1703508340098,203.539626917372,2625200
2025-03-14,206.2567901611328,207.34365831954617,203.7668836105693,204.88339225725343,2614100
2025-03-17,209.1517791748047,210.82159696420374,204.89325834709643,205.26872461734087,2514500
2025-03-18,206.66189575195312,208.23290192748354,205.2094515288264,208.0649341360632,2657000
2025-03-19,207.4622039794922,210.48565415802716,205.6046531188313,206.69152119188698,2571900
2025-03-20,203.44081115722656,205.683703455475,202.36383327615698,205.683703455475,2775400
2025-03-21,201.958740234375,202.81835963148734,198.87600881451158,200.63474815805372,5070200
2025-03-24,209.80389404296875,211.52311762033506,207.23495642825915,207.49184566676684,3458300
2025-03-25,211.0290985107422,212.0665607990947,208.46014570877836,208.46014570877836,2549800
2025-03-26,208.01551818847656,212.33331994620053,207.18555440889227,210.60422120046096,2453300
2025-03-27,206.44451904296875,208.47991293712187,203.421068689398,206.1876147145313,2884800
2025-03-28,199.1526641845703,205.57503138480504,198.37210618929876,205.3379074756317,3521400
2025-03-31,199.2613525390625,200.10120659465233,194.44952220872017,197.8385487668634,3803700
2025-04-01,196.8010711669922,198.44124844813123,192.78956450042037,197.8681739134003,3383000
2025-04-02,197.20619201660156,199.88383174898786,193.42193383544384,193.42193383544384,2437500
2025-04-03,178.7196502685547,190.89249753639652,178.2453723313266,189.52898992736317,6970800
2025-04-04,162.6341094970703,174.3030546057148,162.17959686342306,172.5245498514043,9633900
2025-04-07,169.29359436035156,181.12063168066516,156.7551551653916,161.2508151831706,10236500
2025-04-08,164.10629272460938,177.09924413257013,159.89717766073866,173.28534561943607,7640300
2025-04-09,194.28155517578125,196.08970038700537,162.61434121220003,164.06678547897766,10941600
2025-04-10,176.22976684570312,187.36516838466568,168.88849884003875,187.36516838466568,8547900
2025-04-11,177.02020263671875,178.81845759114037,165.2030404981301,170.07416678602732,6528800
2025-04-14,176.46688842773438,182.79044369242177,173.48295372007954,181.07122003770442,3912100
2025-04-15,177.39566040039062,180.2906738345458,175.94323119105306,176.46689993885641,3035900
2025-04-16,173.82875061035156,175.24167906472456,168.35492493303843,171.59574863306204,4392800
2025-04-17,174.1647186279297,176.20998768618847,171.50684430467388,175.76536528887527,3341200
2025-04-21,172.89999389648438,173.37425674439933,168.95764345497898,170.58793047524273,3650100
2025-04-22,176.3680877685547,177.04984917553762,173.1173884708145,174.66862935816258,3735000
2025-04-23,180.9230194091797,185.59652225428047,180.30053901345562,183.7686268450095,4323300
2025-04-24,192.89825439453125,195.16091208305815,188.76818571561054,190.42811329664715,5606700
2025-04-25,192.2659149169922,194.02465431929107,189.40055703501204,190.64550282465348,3206800
2025-04-28,191.4062957763672,194.02463932561267,187.6813187564119,191.05059485302203,3401400
2025-04-29,190.36883544921875,192.49316587421654,188.08642744953409,189.2128112056075,3939800
2025-04-30,192.5919647216797,193.00694662859812,184.4997798454073,185.30999338501843,4415400
2025-05-01,191.42605590820312,194.8150821862167,191.12963596740548,194.48902175899374,3439500
2025-05-02,196.2181396484375,197.32477319702343,194.79533585493124,195.4968626140933,3795900
2025-05-05,195.3585205078125,197.33463338765964,193.25395546628096,193.8171548737789,2022700
2025-05-06,193.26385498046875,195.04234459668493,191.9398478290794,192.5623282406824,2535500
2025-05-07,197.47296142578125,198.32269057035978,193.35276786505398,194.28154333430786,2965700
2025-05-08,200.35809326171875,203.57915198232868,198.5598382948774,199.84429966695885,3422400
2025-05-09,205.03158569335938,207.6301789456307,203.8261556348069,204.76482131063895,3537500
2025-05-12,220.4847869873047,222.79685049863545,216.48317049499983,220.2081323921958,6358100
2025-05-13,223.97264099121094,224.35799750108495,217.61944491003453,219.31890330228876,4373500
2025-05-14,224.11097717285156,225.61281216159256,221.33452581037662,224.92117564354797,4648400
2025-05-15,224.40737915039062,226.06732184876142,221.33452294605246,221.74950485150885,3044800
2025-05-16,224.39749145507812,225.0792527889398,222.8363605210362,224.44689729079386,3617900
2025-05-19,221.8582000732422,224.1010925516658,220.40577088737507,220.9689552530712,3974200
2025-05-20,221.80880737304688,221.91749419025635,219.2793700885853,219.66472659404707,2619200
2025-05-21,219.56591796875,224.67416829556836,218.68654828147461,219.94138426552345,5091100
2025-05-22,209.39878845214844,221.7198531331951,208.84547927289938,218.81497994213763,8968300
2025-05-23,207.9562530517578,208.51943741774113,203.53963928446163,206.48404343714384,4848100
2025-05-27,214.29957580566406,215.26786696382712,210.18925710655952,212.58035205106998,5542200
2025-05-28,213.0447235107422,215.5840357832946,212.88664593944932,215.01096124229198,3853900
2025-05-29,213.17318725585938,215.8903425974752,211.44408840210386,215.4555953305694,3800200
2025-05-30,211.42431640625,213.26210201897388,208.28230411034357,212.70879281540886,10923400
2025-06-02,212.87677001953125,213.6178123949136,209.68535174431736,209.86319467766717,2233700
2025-06-03,215.8211669921875,216.27567960098668,210.5054334482778,211.47372456514276,3515800
2025-06-04,216.87327575683594,219.54325123171768,215.71198818004567,218.19337577451748,4199200
2025-06-05,216.4167022705078,220.93283089875428,215.4043069967594,218.16360889850702,3496200
2025-06-06,220.60528564453125,223.67229233839433,218.98743117007587,219.0370468077037,3246000
2025-06-09,225.965087890625,227.47376067259034,221.74672889876405,222.1536801069417,4110600
2025-06-10,231.60279846191406,233.01222485644567,226.3124780742689,226.57055208768827,4164800
2025-06-11,230.80874633789062,234.36209526009668,228.55565726257743,232.3472097055915,3311800
2025-06-12,230.39187622070312,231.99982572039966,229.1313421960844,229.80627236877584,2144000
2025-06-13,223.3546600341797,227.23555388575616,222.7095053145374,225.86582308044962,3349600
2025-06-16,230.0742645263672,230.19336628637666,225.80627476549816,226.43158929592437,3344900
2025-06-17,225.74671936035156,229.96507825492932,225.61768235946906,227.4936107679561,2726500
2025-06-18,227.9402618408203,231.3447335477713,227.13629467119998,228.7045334722074,2551500
2025-06-20,226.6499481201172,230.29262327824836,223.8906463366261,230.02462917835882,5316100
2025-06-23,229.26036071777344,229.58790570099512,225.0122263244787,226.49113879808183,3573500
2025-06-24,233.2305908203125,233.85590537350714,231.47377921545225,232.16856474945254,3636100
2025-06-25,232.9328155517578,234.689642258722,229.8955994739072,233.84597953997923,3548600
2025-06-26,235.5333251953125,236.44647405801194,233.34970703275394,234.27277599405633,3057800
2025-06-27,235.19586181640625,237.29015367125086,233.19089628520604,235.2355573562964,3617800
2025-06-30,236.24795532226562,236.89311004144884,233.90552481748907,235.77151799760097,3258700
2025-07-01,238.8484344482422,240.00972198011007,234.06432722666298,234.77895289265393,3500600
2025-07-02,243.32485961914062,243.61270905923183,238.24298271048204,238.6797093470426,3538300
2025-07-03,243.85092163085938,244.71445483801912,242.36208903011521,244.00973407645066,1837400
2025-07-07,240.00973510742188,243.4836777953061,238.57053330862178,242.9874002684655,2783400
2025-07-08,243.32485961914062,245.88565341472844,240.85340728662226,241.78641143833113,3964200
2025-07-09,240.9129638671875,245.08169206406203,239.20576796305602,243.76159202510058,3339000
2025-07-10,243.30502319335938,243.91048237703012,240.41668437559304,242.95762286929707,2428200
2025-07-11,242.8583526611328,243.95016923058557,240.20823260093846,241.54818792297706,2037700
2025-07-14,241.6474609375,242.3124710085327,239.63256023741303,241.31991595113675,2045400
2025-07-15,238.6300811767578,243.93032146167363,238.48120397865995,243.1660649845206,3001700
2025-07-16,238.81866455078125,239.215680501675,234.52089948627116,237.96506662569075,2842100
2025-07-17,239.17599487304688,240.0891437140818,237.30006640876226,238.15366436921488,2830800
2025-07-18,240.0494384765625,241.78640976757904,239.03702811200313,241.23056623249605,2761600
2025-07-21,238.68963623046875,243.8906301893428,238.56061437159013,241.5184242053051,2997800
2025-07-22,233.7467041015625,239.60277258361157,232.25787159136146,237.01220341005427,6027500
2025-07-23,226.3819580078125,230.76904951887784,220.3472214760898,229.05193352009974,7845200
2025-07-24,224.6846923828125,226.7690641438587,222.0941229747414,226.7690641438587,4771000
2025-07-25,226.1239013671875,226.94770874041782,223.50354146560238,224.95267851918913,2695600
2025-07-28,229.05194091796875,229.3199198860458,227.15615707315825,227.20578785638355,3136200
2025-07-29,229.03208923339844,230.90801776584058,227.43407491723,230.25292776525725,2174200
2025-07-30,229.389404296875,230.47128569523153,227.39437404571575,230.10404516344906,2324100
2025-07-31,222.95765686035156,228.06930956500378,220.7144726424278,226.5804769156656,5339800
2025-08-01,220.0594024658203,221.49860436174214,217.22069421491986,220.70455723617482,3740500
2025-08-04,220.74423217773438,221.86582420587823,218.95764524341493,219.771532490909,2848100
2025-08-05,219.0370330810547,223.4042842270003,217.75664377768845,221.31991264084584,3099000
2025-08-06,219.04698181152344,219.52340400662388,216.74424676902566,219.0370465678579,2547300
2025-08-07,221.45889282226562,223.96013595734846,220.5358238332978,221.4390526244651,2522000
2025-08-08,222.28269958496094,223.26533453304404,219.5035424263444,221.39932619958086,3078200
2025-08-11,222.4018096923828,226.6201685101471,221.7764951858777,223.32487858752117,3479200
2025-08-12,230.31246948242188,232.54571836765368,223.7516799293334,224.7938657714792,4979300
2025-08-13,235.86087036132812,236.49610501171514,230.39188213460724,231.23556001731615,3804700
2025-08-14,234.45143127441406,235.10650608659338,231.23554751158326,233.11147592027092,2182100
2025-08-15,229.90553283691406,235.4439918757101,229.31991384259064,235.4439918757101,3826400
2025-08-18,229.8261260986328,232.29757849356935,228.78394026146267,228.78394026146267,2260100
2025-08-19,228.72439575195312,232.47625275411417,228.09908120319673,229.9154588225269,4569000
2025-08-20,243.0469512939453,243.5730042610962,226.41173403655816,237.90552338248932,8529000
2025-08-21,245.11146545410156,248.31741401037354,241.67723347802013,242.18343109895105,5991800
2025-08-22,250.3223876953125,255.2950831848725,246.37202272469284,247.32486711846803,4990800
2025-08-25,252.59535217285156,253.36954393715715,249.3893883039261,250.75911918470774,3419100
2025-08-26,253.72686767578125,255.80130422132657,251.8013083386955,252.10899799963804,5735100
2025-08-27,253.59780883789062,254.342225106495,250.9873842761912,252.69458013047225,3347400
2025-08-28,252.3571319580078,256.20825055863565,252.27772573328275,254.96755669453532,4038100
2025-08-29,249.4390106201172,252.35712493044866,248.65489878372452,251.17598198148704,3599000
2025-09-02,247.446044921875,247.64533798074785,242.97184200551345,245.63244311443475,3115700
2025-09-03,243.68931579589844,247.9941037637214,241.07852647701728,247.4460516382169,3024500
2025-09-04,245.2438201904297,245.45308778884788,238.73680364294262,242.15472451144717,3574700
2025-09-05,246.20045471191406,248.85108139670828,244.51640016379378,245.35344016951828,2166100
2025-09-08,248.1037139892578,248.55212717930738,245.77195323693118,247.17699441016106,2417900
2025-09-09,247.30653381347656,248.44253622915065,245.65238766829546,247.23678808212554,2154600
2025-09-10,246.33995056152344,248.1734710283304,245.00465513855127,247.4261106549496,2474500
2025-09-11,247.3663330078125,249.12013327221786,245.62249207490697,246.88801140426773,2244700
2025-09-12,244.3470001220703,247.3563604078983,244.11779865000324,246.74850666975146,2110000
2025-09-15,244.0480499267578,246.10079738301235,237.9396194203589,238.5773663505068,2333100
2025-09-16,243.24090576171875,246.44957431515385,241.36751748192557,242.0949440182997,2913800
2025-09-17,245.45309448242188,249.3194286471603,243.2508657936592,243.2508657936592,2617600
2025-09-18,248.17347717285156,251.11309167324737,247.40618291309252,250.20629074853997,3129900
2025-09-19,244.46656799316406,249.07030313364552,242.72272708175913,249.07030313364552,5182600
2025-09-22,246.469482421875,248.16349622536688,244.71568222139064,244.74557541988688,2167300
2025-09-23,245.91146850585938,249.47887069356935,245.46305530011836,247.49586892851804,2085700
2025-09-24,247.7350311279297,248.94077928845806,245.83174962064737,246.18052389656762,2479000
2025-09-25,246.65882873535156,247.45601621446286,242.66294721323655,246.6986964721047,2410900
2025-09-26,246.688720703125,248.53221578904342,244.89505268535586,247.83468245021274,2648500
2025-09-29,243.928466796875,248.621896870929,242.99178785348164,248.45249700228064,3296300
2025-09-30,244.83526611328125,246.32998692618906,242.21453262744166,244.94487958109795,2507800
2025-10-01,238.4378662109375,244.72565608615832,235.3886381425491,242.85228298043415,4916300
2025-10-02,240.81944274902344,243.11135096039422,239.59377598056273,241.27783047333196,2774100
2025-10-03,241.13832092285156,245.33349530002545,240.73971960103322,241.19810731985288,2118500
2025-10-06,241.6465301513672,244.14769082466984,238.07912800534694,244.14769082466984,4021200
2025-10-07,232.9273223876953,242.53339402683898,232.20985519430815,242.53339402683898,3397800
2025-10-08,237.0926055908203,238.51758065768726,232.97715133467247,232.97715133467247,4017900
2025-10-09,237.04278564453125,237.55098522449745,234.2725710774954,236.00643741213634,3069200
2025-10-10,224.52699279785156,238.1986912228595,223.91913908670725,236.90327874131637,4425100
2025-10-13,233.84408569335938,234.99004743347197,226.16122927121725,227.5164434091622,4609900
2025-10-14,234.57150268554688,237.93961162778612,228.32358092304403,230.3364605773811,3431200
2025-10-15,237.31182861328125,237.959550071214,234.13306854205962,237.35169634873745,2773700
2025-10-16,240.75965881347656,243.37043290773403,237.6805376588634,239.48416496551215,2898700
2025-10-17,242.0152130126953,242.68285311989413,237.75027770948583,240.9190935909855,2401200
2025-10-20,245.3534393310547,245.97125239910864,242.01522344606315,242.01522344606315,2759700
2025-10-21,245.50289916992188,247.95424792261636,244.74557945372555,246.9677267407236,2361300
2025-10-22,239.51405334472656,240.7895471670231,236.07619866423846,239.69341253610307,5270800
2025-10-23,242.43374633789062,244.08790770023847,236.42496983733582,236.46483757418733,2774900
2025-10-24,237.1723175048828,244.64592122884548,235.79718475913197,244.5861348318675,3489000
2025-10-27,242.15472412109375,243.25085876802018,237.51113648387096,238.85637605409596,3506200
2025-10-28,238.5076141357422,242.82236132711776,237.99939934868033,240.6600004632946,2421000
2025-10-29,234.2127685546875,241.0585998860307,233.69460964561262,238.91615770147237,3438500
2025-10-30,232.08030700683594,235.79719029379152,232.00060194571822,234.2127747112567,2940400
2025-10-31,233.3059844970703,234.80070524813667,230.7250884443639,232.08030253353414,2698100
2025-11-03,232.78781127929688,236.16587958156393,231.79133077473332,234.12309150619146,2266900
2025-11-04,228.5727081298828,232.9572163662838,227.95487986373558,232.18992210313345,3956600
2025-11-05,235.16940307617188,237.6406705120906,229.28019954483182,229.28019954483182,2971900
2025-11-06,232.06039428710938,236.2057418002636,230.38629906412945,234.36226191425612,3126800
2025-11-07,227.67587280273438,229.9976743190034,222.68351069922224,228.5926330881351,4583600
2025-11-10,231.18348693847656,232.40915375404515,227.52640515505155,231.04398027007923,3264100
2025-11-11,232.58851623535156,234.1729165748716,230.62544844170003,230.6951941697799,3159900
2025-11-12,240.5902557373047,241.14828238770215,235.00995882315823,236.08615959396158,4677300
2025-11-13,236.6940155029297,240.4706851694904,234.6113748758761,238.7965899977066,4897200
2025-11-14,234.0633087158203,236.21571028806832,229.61899890673897,233.36577539289348,3319600
2025-11-17,229.1307373046875,233.39567279025337,226.97833569372352,232.20985851740508,3885000
2025-11-18,229.320068359375,231.53225634393954,226.9185466420192,229.0410550284467,3953400
2025-11-19,231.38278198242188,233.57503616384884,228.52288765331542,228.7321400551548,2790300
2025-11-20,224.40740966796875,234.45193511649816,223.4607562166523,233.4654139296037,4316600
2025-11-21,231.5023651123047,233.70457857907067,224.2081203001,224.8359079025679,4467200
2025-11-24,238.55743408203125,239.91264821831794,232.4290848716305,232.8276710037381,8219900
2025-11-25,251.13302612304688,251.59139864961674,228.4830128461824,229.78841510597147,7515100
2025-11-26,257.01226806640625,259.8223200097869,252.02985028133554,254.3217585091457,5253100
2025-11-28,264.4061279296875,264.8146885772775,257.1318325618119,258.4471636887348,2589700
2025-12-01,265.572021484375,267.52511470318115,261.0778848047635,262.02455342136824,7333500
2025-12-02,272.00927734375,273.16519834765313,265.10367492844046,267.24610187448184,5266400
2025-12-03,277.2607421875,277.7988502065037,270.6241779870324,273.5239400753115,4203100
2025-12-04,276.2842102050781,278.56612879552495,274.57026242293875,276.38383393308663,3253800
2025-12-05,280.3000183105469,282.243137108425,278.15759124152464,279.13412270368195,3834100
2025-12-08,279.1300048828125,282.5400085449219,276.9700012207031,281.7799987792969,3190800
2025-12-09,276.239990234375,279.7900085449219,275.25,277.5799865722656,2584600
2025-12-10,281.57000732421875,282.3999938964844,274.260009765625,275.6499938964844,5176700
2025-12-11,283.3900146484375,283.80999755859375,278.489990234375,281.57000732421875,2840000
2025-12-12,279.32000732421875,284.2300109863281,278.07000732421875,282.4200134277344,4182300
2025-12-15,280.44000244140625,282.7200012207031,278.8999938964844,281.6300048828125,3594500
2025-12-16,278.3999938964844,282.0,277.7200012207031,280.9599914550781,3625300
2025-12-17,271.0400085449219,280.42999267578125,270.1400146484375,279.3800048828125,4006000
2025-12-18,274.9200134277344,277.1000061035156,272.79998779296875,275.69000244140625,4104700
2025-12-19,274.44000244140625,278.4100036621094,274.0,275.0899963378906,9419900
2025-12-22,275.82000732421875,278.4100036621094,275.3999938964844,277.44000244140625,3369600
2025-12-23,276.7300109863281,277.4700012207031,274.5799865722656,275.6300048828125,1763400
2025-12-24,277.55999755859375,279.1700134277344,276.8599853515625,277.1600036621094,887700
2025-12-26,276.8399963378906,278.0,275.94000244140625,277.7300109863281,1746400
2025-12-29,275.6300048828125,277.8699951171875,274.1499938964844,275.6400146484375,1747900
2025-12-30,274.82000732421875,277.1000061035156,274.5899963378906,276.70001220703125,1287400
2025-12-31,271.20001220703125,275.79998779296875,271.1000061035156,274.82000732421875,1790900
